T=2.20000e+00  B=0.00000e+00  ns=40000  E_exact=-1.54649e+00  M_exact=7.84755e-01
     E           M        
--------------------------
-1.53990e+00  7.62350e-01
-1.55390e+00  7.73800e-01
-1.55250e+00  7.89250e-01
-1.54390e+00  7.85200e-01
-1.55760e+00  7.94350e-01
-1.52730e+00  7.62550e-01
-1.56190e+00  7.93050e-01
-1.55900e+00  7.91100e-01
-1.55430e+00  7.81700e-01
-1.56270e+00  7.88250e-01
-1.58090e+00  8.06450e-01
-1.54230e+00  7.75750e-01
-1.55950e+00  7.91750e-01
-1.56240e+00  7.87500e-01
-1.56700e+00  7.82800e-01
-1.55250e+00  7.55900e-01
-1.54910e+00  7.60400e-01
-1.54270e+00  7.72250e-01
-1.55470e+00  7.78850e-01
-1.53720e+00  7.75950e-01
-1.55770e+00  7.97700e-01
-1.56230e+00  8.03200e-01
-1.57000e+00  8.08150e-01
-1.56230e+00  8.04100e-01
-1.55420e+00  7.85800e-01
-1.56540e+00  8.05250e-01
-1.56880e+00  7.97900e-01
-1.57180e+00  8.07950e-01
-1.55760e+00  7.89850e-01
-1.55710e+00  7.81100e-01
-1.54590e+00  7.61850e-01
-1.54310e+00  7.74050e-01
-1.54580e+00  7.74300e-01
-1.54010e+00  7.60950e-01
-1.54130e+00  7.58850e-01
-1.56070e+00  7.95350e-01
-1.57150e+00  7.95200e-01
-1.55140e+00  7.65900e-01
-1.53040e+00  7.44600e-01
-1.56470e+00  7.60450e-01
-1.56820e+00  7.72900e-01
-1.55230e+00  7.65550e-01
-1.55550e+00  7.70500e-01
-1.55710e+00  7.82900e-01
-1.54440e+00  7.69650e-01
-1.54870e+00  7.81300e-01
-1.56180e+00  7.77150e-01
-1.54590e+00  7.82150e-01
-1.54240e+00  7.72800e-01
-1.52580e+00  7.50350e-01
-1.53820e+00  7.71000e-01
-1.53960e+00  7.64150e-01
-1.55590e+00  7.74050e-01
-1.56790e+00  7.88750e-01
-1.55430e+00  7.70450e-01
-1.53930e+00  7.68750e-01
-1.55620e+00  7.75650e-01
-1.54510e+00  7.57100e-01
-1.51980e+00  7.55150e-01
-1.53650e+00  7.71900e-01
-1.57060e+00  7.90050e-01
-1.54320e+00  7.72150e-01
-1.55170e+00  7.82400e-01
-1.54130e+00  7.70750e-01
-1.56690e+00  7.85250e-01
-1.54360e+00  7.78950e-01
-1.55570e+00  7.86300e-01
-1.57900e+00  8.04850e-01
-1.54010e+00  7.68650e-01
-1.54210e+00  7.63350e-01
-1.55220e+00  7.80800e-01
-1.55690e+00  7.83400e-01
-1.52380e+00  7.79450e-01
-1.54420e+00  7.91200e-01
-1.55910e+00  7.84200e-01
-1.55240e+00  7.89500e-01
-1.54820e+00  7.77250e-01
-1.55000e+00  7.66050e-01
-1.53430e+00  7.49050e-01
-1.52900e+00  7.45300e-01
-1.53820e+00  7.64200e-01
-1.54460e+00  7.84000e-01
-1.56910e+00  7.92450e-01
-1.55240e+00  7.81250e-01
-1.56150e+00  7.82550e-01
-1.54890e+00  7.77950e-01
-1.55910e+00  7.92100e-01
-1.56260e+00  7.89600e-01
-1.55090e+00  7.93100e-01
-1.57220e+00  7.98650e-01
-1.55890e+00  7.85450e-01
-1.54710e+00  7.77200e-01
-1.56840e+00  7.98400e-01
-1.56980e+00  8.03750e-01
-1.55230e+00  7.71900e-01
-1.55830e+00  7.87700e-01
-1.54270e+00  7.77300e-01
-1.55110e+00  7.79350e-01
-1.56250e+00  8.04950e-01
-1.53790e+00  7.68800e-01
-1.54860e+00  7.73450e-01
-1.52640e+00  7.66300e-01
-1.56030e+00  7.85850e-01
-1.54380e+00  7.73850e-01
-1.52460e+00  7.45650e-01
-1.52470e+00  7.46600e-01
-1.55630e+00  7.71650e-01
-1.55040e+00  7.75800e-01
-1.53290e+00  7.59600e-01
-1.54740e+00  7.74000e-01
-1.54140e+00  7.63400e-01
-1.55150e+00  7.78500e-01
-1.54800e+00  7.64350e-01
-1.56110e+00  7.75750e-01
-1.56690e+00  7.86850e-01
-1.55160e+00  7.58400e-01
-1.54630e+00  7.43300e-01
-1.53820e+00  7.42200e-01
-1.54250e+00  7.59250e-01
-1.55280e+00  7.46550e-01
-1.54810e+00  7.60350e-01
-1.53830e+00  7.76250e-01
-1.54060e+00  7.77500e-01
-1.55700e+00  7.82300e-01
-1.56150e+00  7.79400e-01
-1.57760e+00  7.92850e-01
-1.54400e+00  7.81200e-01
-1.55560e+00  7.70600e-01
-1.56790e+00  7.79400e-01
-1.54960e+00  7.81500e-01
-1.55730e+00  7.86100e-01
-1.57240e+00  7.73150e-01
-1.52980e+00  7.54500e-01
-1.53370e+00  7.48950e-01
-1.53850e+00  7.66400e-01
-1.55650e+00  7.68000e-01
-1.53410e+00  7.68700e-01
-1.54500e+00  7.73300e-01
-1.53510e+00  7.72000e-01
-1.54750e+00  7.91400e-01
-1.56730e+00  8.10100e-01
-1.55400e+00  7.88450e-01
-1.55540e+00  7.92100e-01
-1.56200e+00  8.00100e-01
-1.56070e+00  7.99300e-01
-1.54050e+00  7.73900e-01
-1.56420e+00  8.00500e-01
-1.53790e+00  7.73550e-01
-1.55600e+00  7.70850e-01
-1.54090e+00  7.65000e-01
-1.55890e+00  7.99400e-01
-1.56070e+00  7.85400e-01
-1.55400e+00  7.72750e-01
-1.54710e+00  7.78050e-01
-1.56080e+00  7.88550e-01
-1.55020e+00  7.74850e-01
-1.56510e+00  7.74750e-01
-1.53550e+00  7.58300e-01
-1.54500e+00  7.68550e-01
-1.56300e+00  7.81950e-01
-1.58090e+00  7.99400e-01
-1.54390e+00  7.61250e-01
-1.55030e+00  7.72450e-01
-1.54450e+00  7.63900e-01
-1.56390e+00  7.78100e-01
-1.54600e+00  7.65800e-01
-1.55490e+00  7.73950e-01
-1.55200e+00  7.71450e-01
-1.54890e+00  7.54800e-01
-1.52960e+00  7.62350e-01
-1.53370e+00  7.69700e-01
-1.54250e+00  7.88550e-01
-1.55730e+00  7.91450e-01
-1.57490e+00  8.08200e-01
-1.54330e+00  7.85350e-01
-1.56340e+00  7.87300e-01
-1.57030e+00  8.04050e-01
-1.56060e+00  8.02650e-01
-1.54950e+00  7.84700e-01
-1.54780e+00  7.95800e-01
-1.56510e+00  7.98100e-01
-1.53810e+00  7.90350e-01
-1.56290e+00  7.96550e-01
-1.55890e+00  7.91850e-01
-1.54690e+00  7.88550e-01
-1.55100e+00  7.90450e-01
-1.56290e+00  7.90850e-01
-1.56450e+00  7.91100e-01
-1.53560e+00  7.69050e-01
-1.54610e+00  7.64650e-01
-1.53410e+00  7.69600e-01
-1.56320e+00  7.77450e-01
-1.55290e+00  7.65000e-01
-1.52200e+00  7.48800e-01
-1.53880e+00  7.54500e-01
-1.52440e+00  7.47450e-01
-1.56680e+00  7.75100e-01
-1.55010e+00  7.74950e-01
-1.55520e+00  7.75350e-01
-1.53370e+00  7.62500e-01
-1.55500e+00  7.82500e-01
-1.54540e+00  7.75700e-01
-1.54670e+00  7.70250e-01
-1.54390e+00  7.70200e-01
-1.55900e+00  7.90850e-01
-1.56180e+00  7.84850e-01
-1.55230e+00  7.75500e-01
-1.54950e+00  7.78050e-01
-1.54970e+00  7.88200e-01
-1.57350e+00  7.91100e-01
-1.55530e+00  7.71150e-01
-1.53960e+00  7.52150e-01
-1.55400e+00  7.57900e-01
-1.54950e+00  7.56800e-01
-1.55030e+00  7.69250e-01
-1.55680e+00  7.78500e-01
-1.56390e+00  7.78850e-01
-1.54150e+00  7.69500e-01
-1.56840e+00  7.84500e-01
-1.55080e+00  7.74450e-01
-1.53400e+00  7.55850e-01
-1.53810e+00  7.54500e-01
-1.55930e+00  7.62200e-01
-1.55670e+00  7.64450e-01
-1.53630e+00  7.46800e-01
-1.54380e+00  7.56350e-01
-1.55140e+00  7.60550e-01
-1.54050e+00  7.47100e-01
-1.53650e+00  7.28100e-01
-1.53270e+00  7.38950e-01
-1.56140e+00  7.66650e-01
-1.55730e+00  7.77200e-01
-1.55950e+00  7.72600e-01
-1.53840e+00  7.52550e-01
-1.55270e+00  7.50800e-01
-1.55280e+00  7.50550e-01
-1.54700e+00  7.41650e-01
-1.55770e+00  7.56900e-01
-1.56050e+00  7.66250e-01
-1.54340e+00  7.45400e-01
-1.53710e+00  7.47450e-01
-1.55560e+00  7.59700e-01
-1.53970e+00  7.46000e-01
-1.56890e+00  7.64400e-01
-1.54340e+00  7.58200e-01
-1.54420e+00  7.55400e-01
-1.56060e+00  7.74600e-01
-1.57090e+00  7.75200e-01
-1.55560e+00  7.70300e-01
-1.54770e+00  7.66250e-01
-1.58720e+00  7.97100e-01
-1.54330e+00  7.72950e-01
-1.55100e+00  7.81950e-01
-1.53160e+00  7.44150e-01
-1.54280e+00  7.55950e-01
-1.54410e+00  7.55300e-01
-1.54260e+00  7.62000e-01
-1.55670e+00  7.79100e-01
-1.57580e+00  7.90050e-01
-1.55230e+00  7.64200e-01
-1.52060e+00  7.47750e-01
-1.53630e+00  7.57100e-01
-1.53870e+00  7.69400e-01
-1.54600e+00  7.65200e-01
-1.56550e+00  7.69200e-01
-1.53370e+00  7.25050e-01
-1.54360e+00  7.45250e-01
-1.54040e+00  7.34950e-01
-1.52740e+00  7.41900e-01
-1.55210e+00  7.37500e-01
-1.54720e+00  7.33550e-01
-1.55610e+00  7.53250e-01
-1.54230e+00  7.27900e-01
-1.56580e+00  7.41150e-01
-1.53170e+00  7.18350e-01
-1.54330e+00  7.43800e-01
-1.55590e+00  7.70100e-01
-1.54480e+00  7.73950e-01
-1.54430e+00  7.76350e-01
-1.54700e+00  7.81700e-01
-1.55400e+00  7.75950e-01
-1.53620e+00  7.62100e-01
-1.54270e+00  7.60900e-01
-1.54070e+00  7.54350e-01
-1.55810e+00  7.75650e-01
-1.53800e+00  7.60000e-01
-1.56490e+00  7.86400e-01
-1.56040e+00  7.98850e-01
-1.54180e+00  7.66200e-01
-1.53470e+00  7.58950e-01
-1.52880e+00  7.33500e-01
-1.55230e+00  7.44200e-01
-1.53650e+00  7.48900e-01
-1.55420e+00  7.65600e-01
-1.55410e+00  7.70600e-01
-1.54540e+00  7.72200e-01
-1.55510e+00  7.76350e-01
-1.55500e+00  7.87450e-01
-1.54810e+00  7.84100e-01
-1.57550e+00  8.11000e-01
-1.54790e+00  8.00650e-01
-1.56060e+00  7.90350e-01
-1.54430e+00  7.74800e-01
-1.56020e+00  7.81250e-01
-1.55390e+00  7.88700e-01
-1.54440e+00  7.86050e-01
-1.55910e+00  7.91100e-01
-1.57130e+00  8.06100e-01
-1.56570e+00  7.99700e-01
-1.56770e+00  7.96150e-01
-1.56040e+00  7.76750e-01
-1.55760e+00  7.77150e-01
-1.54440e+00  7.57700e-01
-1.57830e+00  8.00150e-01
-1.55690e+00  7.76150e-01
-1.53290e+00  7.39100e-01
-1.54950e+00  7.45350e-01
-1.55450e+00  7.55550e-01
-1.54010e+00  7.61550e-01
-1.57870e+00  7.81750e-01
-1.55780e+00  7.90350e-01
-1.53340e+00  7.69850e-01
-1.54020e+00  7.65400e-01
-1.54190e+00  7.81600e-01
-1.53400e+00  7.74550e-01
-1.54090e+00  7.71250e-01
-1.55660e+00  7.83850e-01
-1.55710e+00  7.80800e-01
-1.53710e+00  7.65150e-01
-1.55290e+00  7.76400e-01
-1.56520e+00  7.86100e-01
-1.56250e+00  7.74300e-01
-1.56610e+00  7.83650e-01
-1.57450e+00  7.76400e-01
-1.53330e+00  7.57900e-01
-1.54160e+00  7.51800e-01
-1.53970e+00  7.55700e-01
-1.55050e+00  7.61650e-01
-1.56670e+00  7.83900e-01
-1.54680e+00  7.66300e-01
-1.53770e+00  7.65800e-01
-1.55230e+00  7.84500e-01
-1.56530e+00  7.88250e-01
-1.53270e+00  7.46600e-01
-1.54990e+00  7.72650e-01
-1.54410e+00  7.68800e-01
-1.55920e+00  7.85050e-01
-1.55430e+00  7.73900e-01
-1.54050e+00  7.73700e-01
-1.55750e+00  7.81550e-01
-1.57280e+00  8.05000e-01
-1.54030e+00  7.80350e-01
-1.55670e+00  7.89600e-01
-1.55090e+00  7.87400e-01
-1.54640e+00  7.82650e-01
-1.56440e+00  7.94250e-01
-1.54990e+00  7.78600e-01
-1.53070e+00  7.70600e-01
-1.56820e+00  7.85550e-01
-1.53180e+00  7.61500e-01
-1.55080e+00  7.60800e-01
-1.53850e+00  7.57500e-01
-1.54870e+00  7.76450e-01
-1.56540e+00  7.95900e-01
-1.54380e+00  7.74100e-01
-1.56100e+00  7.84550e-01
-1.55940e+00  7.80100e-01
-1.54590e+00  7.60700e-01
-1.55130e+00  7.81250e-01
-1.55030e+00  7.88050e-01
-1.56970e+00  7.83500e-01
-1.54620e+00  7.68650e-01
-1.55480e+00  7.72700e-01
-1.55000e+00  7.80950e-01
-1.56550e+00  7.95550e-01
-1.56190e+00  7.95800e-01
-1.56220e+00  7.93950e-01
-1.54210e+00  7.75800e-01
-1.56230e+00  7.84650e-01
-1.54550e+00  7.66350e-01
-1.55030e+00  7.78500e-01
-1.56980e+00  7.96200e-01
-1.57560e+00  8.09900e-01
-1.56660e+00  8.08100e-01
-1.56650e+00  7.94150e-01
-1.54450e+00  7.62000e-01
-1.53480e+00  7.54250e-01
-1.54590e+00  7.57900e-01
-1.53170e+00  7.52100e-01
-1.53390e+00  7.44850e-01
-1.54530e+00  7.56050e-01
-1.54740e+00  7.63450e-01
-1.52660e+00  7.47250e-01
-1.54320e+00  7.58550e-01
-1.53610e+00  7.35100e-01
-1.53960e+00  7.41150e-01
-1.54360e+00  7.47400e-01
-1.53690e+00  7.41700e-01
-1.54950e+00  7.47700e-01
-1.53850e+00  7.37200e-01
-1.55000e+00  7.39100e-01
-1.54410e+00  7.42900e-01
-1.54400e+00  7.23850e-01
-1.52990e+00  7.20000e-01
-1.55540e+00  7.42100e-01
-1.54440e+00  7.39950e-01
-1.54190e+00  7.41500e-01
-1.55720e+00  7.55750e-01
-1.53330e+00  7.55450e-01
-1.54640e+00  7.54750e-01
-1.56360e+00  7.65400e-01
-1.55920e+00  7.65100e-01
-1.56410e+00  7.46250e-01
-1.53000e+00  7.29400e-01
-1.52840e+00  7.28650e-01
-1.55580e+00  7.64900e-01
-1.55110e+00  7.60900e-01
-1.54520e+00  7.58550e-01
-1.54090e+00  7.50250e-01
-1.54580e+00  7.49600e-01
-1.56220e+00  7.71150e-01
-1.56180e+00  7.51650e-01
-1.52450e+00  7.40300e-01
-1.56600e+00  7.68250e-01
-1.52380e+00  7.19000e-01
-1.55950e+00  7.51000e-01
-1.54710e+00  7.41000e-01
-1.53540e+00  7.34050e-01
-1.53980e+00  7.47550e-01
-1.53990e+00  7.58100e-01
-1.55040e+00  7.48900e-01
-1.54680e+00  7.53350e-01
-1.53080e+00  7.39750e-01
-1.53120e+00  7.41300e-01
-1.55770e+00  7.58350e-01
-1.53790e+00  7.67850e-01
-1.54080e+00  7.52950e-01
-1.55370e+00  7.67550e-01
-1.53730e+00  7.55800e-01
-1.56080e+00  7.60200e-01
-1.53820e+00  7.63100e-01
-1.51340e+00  7.46850e-01
-1.55510e+00  7.77450e-01
-1.53830e+00  7.63600e-01
-1.53920e+00  7.59350e-01
-1.55290e+00  7.76850e-01
-1.55040e+00  7.86800e-01
-1.54650e+00  7.72400e-01
-1.54440e+00  7.82100e-01
-1.56000e+00  7.90650e-01
-1.53270e+00  7.71200e-01
-1.53210e+00  7.51050e-01
-1.52390e+00  7.53750e-01
-1.55180e+00  7.76350e-01
-1.54750e+00  7.69150e-01
-1.54860e+00  7.78550e-01
-1.56890e+00  8.16300e-01
-1.56850e+00  7.96900e-01
-1.54770e+00  7.70400e-01
-1.54570e+00  7.64300e-01
-1.54590e+00  7.83000e-01
-1.55510e+00  7.93400e-01
-1.55750e+00  7.87700e-01
-1.56980e+00  8.01050e-01
-1.56830e+00  8.04250e-01
-1.56730e+00  7.95000e-01
-1.53450e+00  7.67600e-01
-1.51990e+00  7.29800e-01
-1.52580e+00  7.36850e-01
-1.52180e+00  7.25950e-01
-1.53260e+00  7.42850e-01
-1.53630e+00  7.47850e-01
-1.54650e+00  7.67000e-01
-1.54890e+00  7.74300e-01
-1.54770e+00  7.81300e-01
-1.54360e+00  7.62700e-01
-1.52030e+00  7.44250e-01
-1.54240e+00  7.50900e-01
-1.54230e+00  7.56050e-01
-1.53670e+00  7.44250e-01
-1.54450e+00  7.53750e-01
-1.55070e+00  7.68900e-01
-1.53100e+00  7.50450e-01
-1.53340e+00  7.56400e-01
-1.54660e+00  7.61550e-01
-1.57080e+00  7.93550e-01
-1.56160e+00  7.74400e-01
-1.52610e+00  7.71950e-01
-1.55540e+00  7.85000e-01
-1.55890e+00  7.94550e-01
-1.56200e+00  8.03350e-01
-1.57030e+00  8.04750e-01
-1.54710e+00  7.82000e-01
-1.55830e+00  7.87950e-01
-1.55640e+00  7.92250e-01
-1.54050e+00  7.65850e-01
-1.55850e+00  7.86250e-01
-1.55180e+00  7.75050e-01
-1.55190e+00  7.80650e-01
-1.54720e+00  7.75750e-01
-1.55960e+00  7.89900e-01
-1.55000e+00  7.84300e-01
-1.56380e+00  7.96200e-01
-1.56620e+00  7.97350e-01
-1.54920e+00  7.83700e-01
-1.55270e+00  7.84650e-01
-1.54920e+00  7.72050e-01
-1.56960e+00  7.96450e-01
-1.55310e+00  7.81200e-01
-1.53670e+00  7.63600e-01
-1.55280e+00  7.85600e-01
-1.55970e+00  8.00200e-01
-1.56850e+00  7.95450e-01
-1.55650e+00  7.87000e-01
-1.56190e+00  7.95300e-01
-1.56490e+00  7.95600e-01
-1.55740e+00  7.80450e-01
-1.57040e+00  7.95850e-01
-1.55290e+00  7.78750e-01
-1.55940e+00  7.88700e-01
-1.53620e+00  7.73100e-01
-1.55740e+00  7.75850e-01
-1.54900e+00  7.75050e-01
-1.54730e+00  7.77150e-01
-1.54040e+00  7.66950e-01
-1.55940e+00  7.90600e-01
-1.53950e+00  7.68350e-01
-1.54250e+00  7.78500e-01
-1.54320e+00  7.80000e-01
-1.56350e+00  7.94200e-01
-1.53900e+00  7.73300e-01
-1.56800e+00  7.76200e-01
-1.55540e+00  7.85050e-01
-1.53150e+00  7.69550e-01
-1.55270e+00  7.75600e-01
-1.55040e+00  7.61400e-01
-1.56990e+00  7.89400e-01
-1.54400e+00  7.73600e-01
-1.54340e+00  7.79950e-01
-1.56790e+00  7.80500e-01
-1.54750e+00  7.76300e-01
-1.53620e+00  7.69800e-01
-1.55070e+00  7.80500e-01
-1.54710e+00  7.91800e-01
-1.54950e+00  7.76400e-01
-1.55400e+00  7.64700e-01
-1.53480e+00  7.56150e-01
-1.54040e+00  7.51850e-01
-1.55820e+00  7.81650e-01
-1.54250e+00  7.62600e-01
-1.53890e+00  7.38450e-01
-1.54850e+00  7.50150e-01
-1.55510e+00  7.59500e-01
-1.56820e+00  7.74750e-01
-1.53920e+00  7.49900e-01
-1.56850e+00  7.66450e-01
-1.55420e+00  7.69800e-01
-1.55570e+00  7.77800e-01
-1.54960e+00  7.66500e-01
-1.54700e+00  7.74950e-01
-1.56850e+00  7.80500e-01
-1.54350e+00  7.82550e-01
-1.55020e+00  7.88000e-01
-1.54730e+00  7.73050e-01
-1.54820e+00  7.76900e-01
-1.52360e+00  7.75500e-01
-1.56060e+00  8.05400e-01
-1.56760e+00  7.98450e-01
-1.55720e+00  7.97950e-01
-1.56030e+00  7.95900e-01
-1.57270e+00  8.08250e-01
-1.53590e+00  7.67400e-01
-1.55440e+00  7.73450e-01
-1.52860e+00  7.47200e-01
-1.56450e+00  7.84000e-01
-1.52530e+00  7.62450e-01
-1.55500e+00  7.80300e-01
-1.56610e+00  7.89250e-01
-1.54880e+00  7.97000e-01
-1.54980e+00  7.83200e-01
-1.54800e+00  7.75150e-01
-1.56250e+00  7.88850e-01
-1.53460e+00  7.82150e-01
-1.55440e+00  7.93050e-01
-1.54110e+00  7.80700e-01
-1.57930e+00  8.16100e-01
-1.54400e+00  7.85400e-01
-1.55380e+00  7.95150e-01
-1.55120e+00  7.92050e-01
-1.56310e+00  8.03750e-01
-1.56640e+00  7.97750e-01
-1.56060e+00  7.91500e-01
-1.56750e+00  7.83600e-01
-1.55840e+00  7.93450e-01
-1.55980e+00  7.97800e-01
-1.55090e+00  8.02200e-01
-1.55260e+00  7.88750e-01
-1.53870e+00  7.77150e-01
-1.56740e+00  7.85300e-01
-1.57320e+00  8.02750e-01
-1.54600e+00  7.76900e-01
-1.53210e+00  7.63050e-01
-1.54510e+00  7.61950e-01
-1.55550e+00  7.69100e-01
-1.53070e+00  7.58750e-01
-1.54440e+00  7.80100e-01
-1.57080e+00  8.00000e-01
-1.53990e+00  7.62850e-01
-1.55380e+00  7.78050e-01
-1.56330e+00  7.93550e-01
-1.56730e+00  7.94650e-01
-1.54190e+00  7.70850e-01
-1.54430e+00  7.76750e-01
-1.54050e+00  7.72900e-01
-1.54340e+00  7.66800e-01
-1.56130e+00  7.88150e-01
-1.53860e+00  7.78400e-01
-1.55210e+00  7.76550e-01
-1.55650e+00  7.82700e-01
-1.55230e+00  7.71100e-01
-1.54930e+00  7.66200e-01
-1.54800e+00  7.76350e-01
-1.54810e+00  7.88250e-01
-1.57610e+00  8.10150e-01
-1.55980e+00  7.97950e-01
-1.57520e+00  8.13100e-01
-1.56130e+00  7.92200e-01
-1.56580e+00  7.96800e-01
-1.56440e+00  7.92700e-01
-1.57260e+00  7.93450e-01
-1.54960e+00  7.71000e-01
-1.53370e+00  7.67250e-01
-1.54890e+00  7.62050e-01
-1.56140e+00  7.72950e-01
-1.57330e+00  7.70100e-01
-1.54400e+00  7.53050e-01
-1.53360e+00  7.40000e-01
-1.53010e+00  7.27250e-01
-1.56910e+00  7.63200e-01
-1.54420e+00  7.55600e-01
-1.54640e+00  7.61300e-01
-1.56130e+00  7.77850e-01
-1.53470e+00  7.73600e-01
-1.53580e+00  7.62300e-01
-1.54260e+00  7.77600e-01
-1.56690e+00  7.84250e-01
-1.54850e+00  7.76800e-01
-1.55920e+00  7.89000e-01
-1.53130e+00  7.81100e-01
-1.57280e+00  8.01400e-01
-1.56220e+00  7.93750e-01
-1.55020e+00  7.94050e-01
-1.55290e+00  7.96000e-01
-1.56170e+00  8.01550e-01
-1.54960e+00  7.84400e-01
-1.53870e+00  7.76800e-01
-1.55120e+00  7.87800e-01
-1.55320e+00  7.85600e-01
-1.54820e+00  7.72950e-01
-1.55750e+00  7.88400e-01
-1.54860e+00  7.72750e-01
-1.54560e+00  7.87100e-01
-1.57850e+00  8.04100e-01
-1.54310e+00  7.70750e-01
-1.54570e+00  7.75300e-01
-1.55230e+00  7.84850e-01
-1.58790e+00  8.08500e-01
-1.55260e+00  7.86800e-01
-1.55940e+00  7.77350e-01
-1.55560e+00  7.68750e-01
-1.55850e+00  7.79200e-01
-1.51870e+00  7.44050e-01
-1.54550e+00  7.69550e-01
-1.54620e+00  7.53500e-01
-1.52930e+00  7.38550e-01
-1.54540e+00  7.42450e-01
-1.54500e+00  7.41400e-01
-1.53710e+00  7.42350e-01
-1.52740e+00  7.46650e-01
-1.54020e+00  7.51550e-01
-1.53770e+00  7.50000e-01
-1.54840e+00  7.64450e-01
-1.56060e+00  7.67300e-01
-1.54300e+00  7.65300e-01
-1.57470e+00  7.96200e-01
-1.55130e+00  7.66450e-01
-1.54550e+00  7.64100e-01
-1.55400e+00  7.67000e-01
-1.55570e+00  7.75750e-01
-1.56980e+00  7.96050e-01
-1.57580e+00  7.87600e-01
-1.53980e+00  7.61650e-01
-1.54390e+00  7.68700e-01
-1.54560e+00  7.70050e-01
-1.55410e+00  7.70700e-01
-1.54230e+00  7.67200e-01
-1.57680e+00  7.94900e-01
-1.56650e+00  7.99150e-01
-1.54860e+00  7.78750e-01
-1.54190e+00  7.59900e-01
-1.53640e+00  7.60550e-01
-1.55660e+00  7.71650e-01
-1.55580e+00  7.68950e-01
-1.56720e+00  7.78750e-01
-1.54580e+00  7.61350e-01
-1.53860e+00  7.55650e-01
-1.53660e+00  7.60100e-01
-1.55460e+00  7.92650e-01
-1.56310e+00  7.89900e-01
-1.56440e+00  7.90500e-01
-1.57170e+00  8.08450e-01
-1.57360e+00  7.98400e-01
-1.55440e+00  7.98050e-01
-1.53740e+00  7.90050e-01
-1.55100e+00  7.92000e-01
-1.54870e+00  7.81650e-01
-1.54350e+00  7.85100e-01
-1.54110e+00  7.85000e-01
-1.57360e+00  7.96800e-01
-1.54730e+00  7.85950e-01
-1.55780e+00  7.86100e-01
-1.54050e+00  7.86200e-01
-1.55970e+00  7.97250e-01
-1.57750e+00  8.05100e-01
-1.55110e+00  7.78350e-01
-1.56740e+00  7.95100e-01
-1.53810e+00  7.85300e-01
-1.56070e+00  7.86800e-01
-1.54730e+00  7.60100e-01
-1.54040e+00  7.65800e-01
-1.55460e+00  7.84950e-01
-1.55900e+00  7.81200e-01
-1.56150e+00  7.82650e-01
-1.53410e+00  7.70850e-01
-1.55490e+00  7.88800e-01
-1.54940e+00  7.86650e-01
-1.54690e+00  7.87100e-01
-1.56770e+00  7.85750e-01
-1.54900e+00  7.69700e-01
-1.54380e+00  7.75150e-01
-1.55630e+00  7.85050e-01
-1.56060e+00  7.89650e-01
-1.53930e+00  7.76350e-01
-1.55740e+00  7.89900e-01
-1.55680e+00  7.98300e-01
-1.57000e+00  7.98150e-01
-1.55930e+00  7.83300e-01
-1.55820e+00  7.77450e-01
-1.54540e+00  7.89050e-01
-1.54150e+00  7.79200e-01
-1.53880e+00  7.57050e-01
-1.54680e+00  7.68050e-01
-1.53570e+00  7.64200e-01
-1.53650e+00  7.64800e-01
-1.52140e+00  7.51050e-01
-1.55460e+00  7.82300e-01
-1.54550e+00  7.75350e-01
-1.56170e+00  7.92650e-01
-1.55940e+00  7.91250e-01
-1.55540e+00  7.89200e-01
-1.57720e+00  8.07850e-01
-1.54570e+00  7.81200e-01
-1.55890e+00  7.86400e-01
-1.55540e+00  7.88050e-01
-1.53350e+00  7.75600e-01
-1.54640e+00  7.75450e-01
-1.56090e+00  7.90450e-01
-1.56110e+00  7.91050e-01
-1.54720e+00  7.86850e-01
-1.55670e+00  7.91050e-01
-1.53470e+00  7.63850e-01
-1.54390e+00  7.66700e-01
-1.56340e+00  7.77350e-01
-1.55310e+00  7.73100e-01
-1.56480e+00  7.77700e-01
-1.53310e+00  7.54800e-01
-1.56100e+00  7.88000e-01
-1.56490e+00  7.91550e-01
-1.56110e+00  7.80100e-01
-1.56810e+00  7.80550e-01
-1.56910e+00  7.84250e-01
-1.58100e+00  7.94200e-01
-1.55430e+00  7.65050e-01
-1.55150e+00  7.61650e-01
-1.58000e+00  7.80950e-01
-1.53430e+00  7.63300e-01
-1.57510e+00  7.87250e-01
-1.56040e+00  7.80500e-01
-1.53820e+00  7.71150e-01
-1.55620e+00  7.66150e-01
-1.53790e+00  7.68400e-01
-1.55680e+00  7.78300e-01
-1.53570e+00  7.72400e-01
-1.56300e+00  7.92550e-01
-1.54020e+00  7.72400e-01
-1.54400e+00  7.66350e-01
-1.55290e+00  7.76550e-01
-1.55720e+00  7.75100e-01
-1.56470e+00  7.74950e-01
-1.55120e+00  7.75800e-01
-1.53760e+00  7.66450e-01
-1.56400e+00  7.88800e-01
-1.56360e+00  7.95750e-01
-1.56330e+00  7.87300e-01
-1.56480e+00  7.88250e-01
-1.56560e+00  7.85650e-01
-1.55420e+00  7.79550e-01
-1.53130e+00  7.64400e-01
-1.52880e+00  7.61350e-01
-1.54100e+00  7.69800e-01
-1.55180e+00  7.98900e-01
-1.54640e+00  7.92350e-01
-1.56780e+00  7.94700e-01
-1.55730e+00  7.96700e-01
-1.55000e+00  7.87950e-01
-1.56860e+00  7.98650e-01
-1.55630e+00  7.85700e-01
-1.55440e+00  7.74700e-01
-1.54360e+00  7.71800e-01
-1.56340e+00  7.86550e-01
-1.53450e+00  7.60250e-01
-1.53960e+00  7.70150e-01
-1.56350e+00  7.95050e-01
-1.58170e+00  8.12200e-01
-1.55880e+00  7.93250e-01
-1.54520e+00  7.80200e-01
-1.56240e+00  7.95100e-01
-1.56410e+00  7.85400e-01
-1.55290e+00  7.76250e-01
-1.56580e+00  7.83200e-01
-1.55420e+00  7.71850e-01
-1.55510e+00  7.81000e-01
-1.57330e+00  7.88000e-01
-1.54770e+00  7.79050e-01
-1.54700e+00  7.81450e-01
-1.54020e+00  7.70100e-01
-1.55230e+00  7.81600e-01
-1.55850e+00  7.80400e-01
-1.55880e+00  7.78050e-01
-1.55620e+00  7.72950e-01
-1.56070e+00  7.75900e-01
-1.56510e+00  7.88300e-01
-1.54570e+00  7.70400e-01
-1.57860e+00  8.06550e-01
-1.55490e+00  7.92000e-01
-1.56240e+00  7.93850e-01
-1.53780e+00  7.82550e-01
-1.54990e+00  7.80150e-01
-1.54520e+00  7.89700e-01
-1.57320e+00  8.05450e-01
-1.57300e+00  8.00750e-01
-1.59030e+00  8.11650e-01
-1.55750e+00  7.91900e-01
-1.53450e+00  7.67500e-01
-1.53830e+00  7.65050e-01
-1.54650e+00  7.73100e-01
-1.56800e+00  7.85150e-01
-1.53780e+00  7.58550e-01
-1.53650e+00  7.43600e-01
-1.53300e+00  7.35200e-01
-1.55680e+00  7.53150e-01
-1.52160e+00  7.36100e-01
-1.53690e+00  7.52150e-01
-1.53220e+00  7.60800e-01
-1.52960e+00  7.54400e-01
-1.53330e+00  7.49500e-01
-1.52920e+00  7.60050e-01
-1.54300e+00  7.56750e-01
-1.55180e+00  7.61850e-01
-1.53660e+00  7.59850e-01
-1.52260e+00  7.45500e-01
-1.53220e+00  7.58750e-01
-1.55210e+00  7.73550e-01
-1.52670e+00  7.60150e-01
-1.53470e+00  7.84150e-01
-1.56370e+00  7.91750e-01
-1.53800e+00  7.55750e-01
-1.55300e+00  7.68600e-01
-1.54810e+00  7.68050e-01
-1.53860e+00  7.63450e-01
-1.56510e+00  7.83850e-01
-1.58190e+00  7.96650e-01
-1.55500e+00  7.74850e-01
-1.54140e+00  7.73550e-01
-1.57250e+00  7.93600e-01
-1.54600e+00  7.85250e-01
-1.53240e+00  7.64850e-01
-1.55450e+00  7.88100e-01
-1.57000e+00  8.03550e-01
-1.57230e+00  8.12900e-01
-1.57080e+00  8.07100e-01
-1.55610e+00  7.97700e-01
-1.57340e+00  8.09050e-01
-1.55340e+00  7.92100e-01
-1.52540e+00  7.78700e-01
-1.56130e+00  7.98400e-01
-1.56760e+00  7.97450e-01
-1.55070e+00  7.82200e-01
-1.54940e+00  7.80150e-01
-1.52920e+00  7.62550e-01
-1.52970e+00  7.69600e-01
-1.55860e+00  7.88900e-01
-1.56220e+00  8.01850e-01
-1.54490e+00  7.91400e-01
-1.55360e+00  7.90750e-01
-1.56230e+00  8.02500e-01
-1.53840e+00  7.86500e-01
-1.56730e+00  8.01700e-01
-1.58110e+00  8.08300e-01
-1.55990e+00  7.90600e-01
-1.55980e+00  7.95700e-01
-1.53920e+00  7.68300e-01
-1.55380e+00  7.87600e-01
-1.53030e+00  7.68050e-01
-1.55260e+00  7.80700e-01
-1.56420e+00  7.80350e-01
-1.54960e+00  7.95000e-01
-1.54040e+00  7.85600e-01
-1.55140e+00  7.92950e-01
-1.56380e+00  7.88600e-01
-1.53970e+00  7.72950e-01
-1.54200e+00  7.55300e-01
-1.56910e+00  7.96500e-01
-1.53230e+00  7.66100e-01
-1.54400e+00  7.64800e-01
-1.54800e+00  7.66700e-01
-1.56380e+00  7.90200e-01
-1.55270e+00  7.82950e-01
-1.54110e+00  7.59900e-01
-1.55410e+00  7.80200e-01
-1.53950e+00  7.56750e-01
-1.55850e+00  7.68150e-01
-1.54190e+00  7.55600e-01
-1.54050e+00  7.53600e-01
-1.54790e+00  7.57450e-01
-1.54010e+00  7.51450e-01
-1.56400e+00  7.79100e-01
-1.54390e+00  7.55800e-01
-1.55440e+00  7.71700e-01
-1.58350e+00  8.01750e-01
-1.56150e+00  7.80450e-01
-1.53600e+00  7.74550e-01
-1.53400e+00  7.71550e-01
-1.54720e+00  7.73700e-01
-1.54650e+00  7.81050e-01
-1.54510e+00  7.84200e-01
-1.54400e+00  7.78450e-01
-1.56600e+00  7.87800e-01
-1.54840e+00  7.78700e-01
-1.54700e+00  7.64350e-01
-1.53390e+00  7.69950e-01
-1.55530e+00  7.81800e-01
-1.53950e+00  7.57250e-01
-1.53750e+00  7.64050e-01
-1.56940e+00  7.82650e-01
-1.52360e+00  7.57700e-01
-1.56330e+00  7.88650e-01
-1.54640e+00  7.80300e-01
-1.56050e+00  7.90700e-01
-1.56210e+00  7.93750e-01
-1.55940e+00  7.88750e-01
-1.55770e+00  8.01200e-01
-1.55430e+00  7.74700e-01
-1.57210e+00  7.90150e-01
-1.54770e+00  7.77100e-01
-1.56530e+00  7.90650e-01
-1.53900e+00  7.64550e-01
-1.53940e+00  7.60250e-01
-1.55360e+00  7.80750e-01
-1.56000e+00  7.79900e-01
-1.55410e+00  7.87700e-01
-1.53070e+00  7.73250e-01
-1.55980e+00  7.95850e-01
-1.53860e+00  7.62450e-01
-1.56440e+00  7.77800e-01
-1.53530e+00  7.75800e-01
-1.54800e+00  7.72850e-01
-1.55760e+00  7.66200e-01
-1.53170e+00  7.57250e-01
-1.55640e+00  7.64500e-01
-1.56190e+00  7.70900e-01
-1.57090e+00  7.81700e-01
-1.57380e+00  7.78000e-01
-1.54900e+00  7.72250e-01
-1.55150e+00  7.57200e-01
-1.54200e+00  7.51800e-01
-1.52890e+00  7.40250e-01
-1.53550e+00  7.68200e-01
-1.55050e+00  7.79100e-01
-1.55160e+00  7.82000e-01
-1.53540e+00  7.77250e-01
-1.57000e+00  7.97800e-01
-1.56300e+00  7.92450e-01
-1.55260e+00  7.83900e-01
-1.55290e+00  7.81600e-01
-1.53940e+00  7.61700e-01
-1.54210e+00  7.67400e-01
-1.55080e+00  7.77750e-01
-1.56680e+00  7.89250e-01
-1.56510e+00  7.83800e-01
