T=2.30000e+00  B=0.00000e+00  ns=40000  E_exact=-1.34287e+00  M_exact=0.00000e+00
     E           M        
--------------------------
-1.36990e+00  2.50200e-01
-1.38300e+00  2.25950e-01
-1.38620e+00  2.26550e-01
-1.37770e+00  2.12400e-01
-1.38070e+00  2.31150e-01
-1.35490e+00  2.44850e-01
-1.35910e+00  2.53200e-01
-1.35340e+00  2.57500e-01
-1.36730e+00  2.61200e-01
-1.34450e+00  2.62500e-01
-1.36560e+00  2.50650e-01
-1.37260e+00  2.56500e-01
-1.36190e+00  2.76200e-01
-1.35900e+00  2.80250e-01
-1.38720e+00  2.63750e-01
-1.34340e+00  2.02900e-01
-1.35500e+00  1.83800e-01
-1.34890e+00  2.41600e-01
-1.35880e+00  2.82300e-01
-1.35680e+00  2.58850e-01
-1.35990e+00  2.89900e-01
-1.35090e+00  2.92100e-01
-1.35270e+00  3.01450e-01
-1.36950e+00  3.13050e-01
-1.36810e+00  3.15300e-01
-1.38150e+00  3.03550e-01
-1.37300e+00  3.42350e-01
-1.35080e+00  3.53450e-01
-1.34250e+00  3.22700e-01
-1.36080e+00  2.88450e-01
-1.36580e+00  3.33650e-01
-1.37190e+00  3.43900e-01
-1.34810e+00  3.27700e-01
-1.36170e+00  3.62100e-01
-1.35690e+00  3.67650e-01
-1.37170e+00  3.89800e-01
-1.36730e+00  3.86800e-01
-1.36760e+00  3.92850e-01
-1.37860e+00  4.13800e-01
-1.36880e+00  4.31700e-01
-1.38460e+00  4.67900e-01
-1.37840e+00  4.30900e-01
-1.39660e+00  4.14400e-01
-1.38280e+00  4.10550e-01
-1.36520e+00  3.70500e-01
-1.36490e+00  3.53400e-01
-1.39220e+00  3.78750e-01
-1.37280e+00  3.35750e-01
-1.35760e+00  3.22950e-01
-1.37540e+00  3.64200e-01
-1.36270e+00  3.75400e-01
-1.36420e+00  3.75800e-01
-1.38660e+00  3.94050e-01
-1.38390e+00  3.67700e-01
-1.37430e+00  3.37900e-01
-1.37670e+00  3.71900e-01
-1.39040e+00  3.83000e-01
-1.36720e+00  3.52150e-01
-1.35370e+00  3.44400e-01
-1.33910e+00  2.86050e-01
-1.36880e+00  2.62000e-01
-1.35200e+00  2.52150e-01
-1.34590e+00  2.85550e-01
-1.34780e+00  2.56250e-01
-1.37170e+00  2.28100e-01
-1.36000e+00  2.53150e-01
-1.35570e+00  2.57850e-01
-1.37270e+00  2.83500e-01
-1.36720e+00  3.04100e-01
-1.35980e+00  3.28250e-01
-1.37580e+00  3.23350e-01
-1.37460e+00  3.18800e-01
-1.35890e+00  3.20200e-01
-1.36970e+00  2.98050e-01
-1.39710e+00  2.91700e-01
-1.38090e+00  3.18500e-01
-1.40410e+00  3.20000e-01
-1.39190e+00  3.07000e-01
-1.35120e+00  3.05150e-01
-1.37080e+00  2.90800e-01
-1.36370e+00  2.40900e-01
-1.36620e+00  2.69400e-01
-1.36520e+00  2.18700e-01
-1.37630e+00  2.06600e-01
-1.35120e+00  1.90250e-01
-1.36370e+00  2.09050e-01
-1.34810e+00  2.16200e-01
-1.36110e+00  2.15500e-01
-1.36500e+00  2.49500e-01
-1.38780e+00  2.68100e-01
-1.37330e+00  2.85650e-01
-1.36750e+00  2.65050e-01
-1.38610e+00  3.02050e-01
-1.37350e+00  2.89900e-01
-1.37280e+00  2.99550e-01
-1.38390e+00  2.78200e-01
-1.36050e+00  2.50700e-01
-1.35220e+00  2.81750e-01
-1.37260e+00  2.79200e-01
-1.35650e+00  2.66200e-01
-1.34690e+00  2.49650e-01
-1.35280e+00  2.40650e-01
-1.37400e+00  2.24350e-01
-1.36260e+00  2.22400e-01
-1.35590e+00  2.37250e-01
-1.36010e+00  2.69400e-01
-1.36500e+00  2.34750e-01
-1.34790e+00  1.77500e-01
-1.34950e+00  1.70200e-01
-1.34870e+00  1.96650e-01
-1.34840e+00  2.39200e-01
-1.34920e+00  2.11750e-01
-1.34680e+00  2.20050e-01
-1.37120e+00  2.01750e-01
-1.37010e+00  1.83750e-01
-1.39010e+00  1.84350e-01
-1.36880e+00  1.89050e-01
-1.34640e+00  1.93100e-01
-1.35350e+00  2.05150e-01
-1.35850e+00  2.08500e-01
-1.36540e+00  2.45750e-01
-1.34780e+00  2.46250e-01
-1.34420e+00  2.75350e-01
-1.35840e+00  2.74200e-01
-1.35520e+00  2.95050e-01
-1.35010e+00  2.91050e-01
-1.38010e+00  3.22500e-01
-1.36220e+00  3.37500e-01
-1.37030e+00  3.48600e-01
-1.36820e+00  3.61650e-01
-1.36440e+00  3.31400e-01
-1.38030e+00  3.47300e-01
-1.35200e+00  3.44850e-01
-1.34190e+00  3.38950e-01
-1.36380e+00  3.63200e-01
-1.36360e+00  3.45900e-01
-1.37340e+00  3.78800e-01
-1.36020e+00  4.01900e-01
-1.35280e+00  4.07750e-01
-1.36620e+00  4.32600e-01
-1.38490e+00  4.35500e-01
-1.35620e+00  4.27050e-01
-1.37370e+00  4.47750e-01
-1.38660e+00  4.10850e-01
-1.36650e+00  3.86950e-01
-1.36320e+00  3.73750e-01
-1.38100e+00  3.82250e-01
-1.35020e+00  3.78100e-01
-1.39550e+00  3.94300e-01
-1.38070e+00  3.51450e-01
-1.37910e+00  3.47350e-01
-1.36170e+00  3.41600e-01
-1.38880e+00  3.59350e-01
-1.37720e+00  3.12400e-01
-1.38310e+00  3.08050e-01
-1.38170e+00  3.16550e-01
-1.39810e+00  3.05450e-01
-1.35100e+00  3.06550e-01
-1.36290e+00  2.88150e-01
-1.36880e+00  2.91900e-01
-1.37420e+00  3.07300e-01
-1.34790e+00  2.93050e-01
-1.36440e+00  2.85750e-01
-1.35720e+00  2.80650e-01
-1.36950e+00  2.78800e-01
-1.35940e+00  2.66950e-01
-1.38180e+00  2.78400e-01
-1.38400e+00  3.09100e-01
-1.36690e+00  3.06050e-01
-1.36750e+00  2.92050e-01
-1.35840e+00  2.91800e-01
-1.34560e+00  3.13700e-01
-1.36860e+00  2.98550e-01
-1.38400e+00  2.94150e-01
-1.35990e+00  3.25800e-01
-1.38610e+00  3.34950e-01
-1.37840e+00  3.48250e-01
-1.36400e+00  3.69150e-01
-1.35900e+00  3.23100e-01
-1.35210e+00  2.95300e-01
-1.36310e+00  2.82450e-01
-1.34520e+00  2.63150e-01
-1.38910e+00  2.96550e-01
-1.35440e+00  3.24000e-01
-1.36810e+00  3.39850e-01
-1.35900e+00  3.18550e-01
-1.38630e+00  3.49350e-01
-1.39330e+00  3.42450e-01
-1.36930e+00  3.50800e-01
-1.38180e+00  3.56900e-01
-1.37520e+00  3.40600e-01
-1.41950e+00  3.28700e-01
-1.37780e+00  2.96700e-01
-1.36710e+00  3.25950e-01
-1.37170e+00  2.89500e-01
-1.36430e+00  2.91950e-01
-1.37940e+00  2.77800e-01
-1.36600e+00  2.69650e-01
-1.37630e+00  2.66200e-01
-1.36900e+00  2.55800e-01
-1.38130e+00  2.59600e-01
-1.37130e+00  2.33800e-01
-1.36760e+00  2.54000e-01
-1.35430e+00  2.47300e-01
-1.37560e+00  2.82950e-01
-1.38120e+00  2.60000e-01
-1.36440e+00  2.52550e-01
-1.37760e+00  2.21700e-01
-1.36050e+00  1.88050e-01
-1.36770e+00  1.82600e-01
-1.36110e+00  2.06450e-01
-1.35740e+00  1.83600e-01
-1.36220e+00  1.55650e-01
-1.35780e+00  1.64400e-01
-1.35880e+00  1.97950e-01
-1.37420e+00  2.09850e-01
-1.37120e+00  2.14050e-01
-1.35890e+00  2.11250e-01
-1.36000e+00  2.13400e-01
-1.35480e+00  1.99350e-01
-1.37060e+00  2.21750e-01
-1.35890e+00  2.12000e-01
-1.34490e+00  2.28800e-01
-1.35280e+00  1.57000e-01
-1.33630e+00  1.55450e-01
-1.33130e+00  1.45300e-01
-1.32650e+00  1.31400e-01
-1.33820e+00  9.77500e-02
-1.34520e+00  1.11600e-01
-1.34890e+00  1.29900e-01
-1.35910e+00  1.55400e-01
-1.37060e+00  1.47200e-01
-1.33740e+00  1.37450e-01
-1.33990e+00  1.36300e-01
-1.36690e+00  1.38600e-01
-1.36140e+00  1.71050e-01
-1.36540e+00  2.05550e-01
-1.35790e+00  2.07500e-01
-1.38940e+00  2.11450e-01
-1.37330e+00  2.12100e-01
-1.38480e+00  2.13900e-01
-1.37540e+00  2.04550e-01
-1.38540e+00  2.16050e-01
-1.38740e+00  2.06900e-01
-1.37180e+00  2.11700e-01
-1.37580e+00  2.06550e-01
-1.36430e+00  1.90050e-01
-1.39550e+00  2.23950e-01
-1.37870e+00  2.02150e-01
-1.39810e+00  1.79200e-01
-1.38630e+00  1.46150e-01
-1.37600e+00  1.19450e-01
-1.36180e+00  1.14700e-01
-1.36140e+00  1.07550e-01
-1.37060e+00  7.36500e-02
-1.35210e+00  7.44000e-02
-1.34820e+00  6.72500e-02
-1.36950e+00  1.16300e-01
-1.36300e+00  1.50150e-01
-1.35420e+00  1.92050e-01
-1.33080e+00  2.14650e-01
-1.34300e+00  2.25150e-01
-1.35580e+00  2.58500e-01
-1.38350e+00  2.89200e-01
-1.39650e+00  2.84250e-01
-1.36260e+00  2.81400e-01
-1.35420e+00  2.31650e-01
-1.37990e+00  2.15500e-01
-1.36070e+00  1.77100e-01
-1.38880e+00  2.18600e-01
-1.37020e+00  2.11200e-01
-1.38230e+00  2.34200e-01
-1.37510e+00  1.89200e-01
-1.38920e+00  1.91000e-01
-1.35510e+00  1.94250e-01
-1.36420e+00  2.11400e-01
-1.37780e+00  2.20000e-01
-1.37380e+00  2.25650e-01
-1.36400e+00  1.89500e-01
-1.36310e+00  2.10250e-01
-1.38250e+00  2.33000e-01
-1.35860e+00  2.40700e-01
-1.34750e+00  2.38550e-01
-1.36630e+00  2.56950e-01
-1.37050e+00  2.93400e-01
-1.37770e+00  2.66000e-01
-1.39680e+00  2.64700e-01
-1.35750e+00  2.44500e-01
-1.34950e+00  2.52350e-01
-1.36500e+00  2.62850e-01
-1.35180e+00  3.03300e-01
-1.36720e+00  2.88850e-01
-1.36420e+00  3.07350e-01
-1.35830e+00  3.31300e-01
-1.35860e+00  3.56700e-01
-1.36290e+00  3.49300e-01
-1.37150e+00  3.49900e-01
-1.38120e+00  3.56250e-01
-1.39440e+00  3.89600e-01
-1.36180e+00  3.48000e-01
-1.35340e+00  3.38900e-01
-1.37230e+00  3.45700e-01
-1.36470e+00  3.05050e-01
-1.35930e+00  2.98500e-01
-1.38460e+00  2.96800e-01
-1.36610e+00  2.92050e-01
-1.36450e+00  2.81300e-01
-1.37190e+00  2.74750e-01
-1.36940e+00  2.92650e-01
-1.38060e+00  3.10700e-01
-1.37080e+00  2.99400e-01
-1.38490e+00  2.95650e-01
-1.36940e+00  2.79650e-01
-1.38980e+00  2.83100e-01
-1.38350e+00  2.45500e-01
-1.33840e+00  2.47400e-01
-1.37110e+00  2.30550e-01
-1.37740e+00  2.89300e-01
-1.34440e+00  2.72100e-01
-1.37850e+00  3.21800e-01
-1.34920e+00  3.54200e-01
-1.34040e+00  3.00350e-01
-1.33810e+00  2.58800e-01
-1.34830e+00  2.62300e-01
-1.34910e+00  2.89200e-01
-1.36710e+00  2.32900e-01
-1.36270e+00  2.48600e-01
-1.36660e+00  2.24300e-01
-1.37320e+00  1.74350e-01
-1.38270e+00  1.79350e-01
-1.39270e+00  1.82800e-01
-1.37000e+00  1.63900e-01
-1.38250e+00  2.05100e-01
-1.37570e+00  2.26150e-01
-1.33820e+00  2.23250e-01
-1.35540e+00  2.06750e-01
-1.37080e+00  2.23550e-01
-1.37770e+00  2.37150e-01
-1.36450e+00  2.12850e-01
-1.36100e+00  1.94750e-01
-1.34920e+00  1.84650e-01
-1.36490e+00  1.62650e-01
-1.36190e+00  1.71750e-01
-1.35010e+00  1.84950e-01
-1.35020e+00  1.89600e-01
-1.33150e+00  1.61300e-01
-1.35310e+00  1.79850e-01
-1.35150e+00  2.28400e-01
-1.38320e+00  2.60400e-01
-1.37230e+00  2.52450e-01
-1.36700e+00  2.52500e-01
-1.36110e+00  2.72400e-01
-1.36620e+00  2.71300e-01
-1.38710e+00  2.45050e-01
-1.36950e+00  2.70850e-01
-1.37940e+00  2.61050e-01
-1.35900e+00  2.04800e-01
-1.36210e+00  2.19250e-01
-1.37170e+00  2.46450e-01
-1.34490e+00  2.30800e-01
-1.36970e+00  2.61050e-01
-1.35910e+00  2.85500e-01
-1.35620e+00  2.77900e-01
-1.37680e+00  2.77850e-01
-1.36830e+00  2.63350e-01
-1.36210e+00  2.40800e-01
-1.37240e+00  2.62750e-01
-1.38390e+00  2.52850e-01
-1.34860e+00  2.75650e-01
-1.34500e+00  2.98050e-01
-1.36820e+00  3.16100e-01
-1.35190e+00  3.58000e-01
-1.37660e+00  3.40300e-01
-1.39140e+00  3.88750e-01
-1.37130e+00  3.69800e-01
-1.36900e+00  3.74850e-01
-1.39030e+00  3.74950e-01
-1.37050e+00  3.57050e-01
-1.37860e+00  3.71400e-01
-1.38000e+00  3.35900e-01
-1.39650e+00  3.48850e-01
-1.37120e+00  2.80100e-01
-1.37890e+00  2.88600e-01
-1.36530e+00  2.78850e-01
-1.36900e+00  2.99700e-01
-1.34850e+00  3.03750e-01
-1.35790e+00  3.36850e-01
-1.38250e+00  3.57700e-01
-1.37660e+00  3.40200e-01
-1.35160e+00  3.08650e-01
-1.37790e+00  3.46350e-01
-1.35910e+00  3.56500e-01
-1.36270e+00  3.26500e-01
-1.38010e+00  3.71300e-01
-1.37370e+00  3.80800e-01
-1.38190e+00  3.83750e-01
-1.37760e+00  3.42100e-01
-1.38540e+00  3.21100e-01
-1.36900e+00  3.19000e-01
-1.36080e+00  3.25800e-01
-1.37040e+00  3.34250e-01
-1.35210e+00  3.42050e-01
-1.38520e+00  3.63750e-01
-1.37970e+00  3.69200e-01
-1.37700e+00  3.59250e-01
-1.36980e+00  3.81600e-01
-1.37410e+00  3.73150e-01
-1.36650e+00  3.45450e-01
-1.34010e+00  3.26800e-01
-1.36140e+00  2.58700e-01
-1.35740e+00  2.93100e-01
-1.36620e+00  2.96700e-01
-1.40240e+00  3.14600e-01
-1.37390e+00  3.00500e-01
-1.35340e+00  2.93500e-01
-1.35550e+00  3.09600e-01
-1.35800e+00  2.99200e-01
-1.34210e+00  3.06450e-01
-1.33880e+00  3.12550e-01
-1.34510e+00  3.30600e-01
-1.36600e+00  3.07450e-01
-1.38240e+00  2.73400e-01
-1.35100e+00  3.14550e-01
-1.35190e+00  3.56350e-01
-1.38180e+00  3.88750e-01
-1.35270e+00  3.28950e-01
-1.37520e+00  3.58800e-01
-1.36740e+00  4.09900e-01
-1.36580e+00  3.70150e-01
-1.35780e+00  3.53200e-01
-1.38010e+00  3.50350e-01
-1.38370e+00  3.54300e-01
-1.35820e+00  3.19300e-01
-1.34460e+00  3.35800e-01
-1.37020e+00  3.37500e-01
-1.35640e+00  3.75500e-01
-1.37270e+00  3.42150e-01
-1.39020e+00  3.50500e-01
-1.38700e+00  3.41250e-01
-1.39580e+00  3.19400e-01
-1.37130e+00  3.22600e-01
-1.35910e+00  3.15650e-01
-1.37080e+00  3.28050e-01
-1.35060e+00  3.23250e-01
-1.37650e+00  3.15250e-01
-1.38990e+00  2.79000e-01
-1.38080e+00  2.73150e-01
-1.37950e+00  2.81250e-01
-1.37200e+00  2.41500e-01
-1.38350e+00  2.70850e-01
-1.36200e+00  2.66250e-01
-1.34910e+00  2.69350e-01
-1.33680e+00  2.86950e-01
-1.35940e+00  2.70600e-01
-1.37000e+00  2.61400e-01
-1.37870e+00  2.54250e-01
-1.36750e+00  2.91850e-01
-1.37580e+00  3.17400e-01
-1.37060e+00  3.20400e-01
-1.35100e+00  3.16450e-01
-1.35700e+00  3.14150e-01
-1.36690e+00  2.83850e-01
-1.38370e+00  2.72650e-01
-1.37600e+00  2.59800e-01
-1.37280e+00  2.39500e-01
-1.36140e+00  2.78150e-01
-1.36740e+00  2.60700e-01
-1.35100e+00  2.65600e-01
-1.35420e+00  2.69150e-01
-1.35660e+00  2.54050e-01
-1.35040e+00  2.13900e-01
-1.35430e+00  1.75700e-01
-1.36760e+00  1.61850e-01
-1.33900e+00  1.71350e-01
-1.34560e+00  1.64500e-01
-1.34960e+00  1.71700e-01
-1.33930e+00  1.51950e-01
-1.35070e+00  1.65000e-01
-1.35930e+00  1.99000e-01
-1.36240e+00  2.06950e-01
-1.36390e+00  2.59850e-01
-1.36050e+00  2.79150e-01
-1.35470e+00  2.45250e-01
-1.33950e+00  2.69250e-01
-1.36390e+00  2.93900e-01
-1.37890e+00  2.64400e-01
-1.37390e+00  2.32300e-01
-1.34920e+00  2.59450e-01
-1.36480e+00  2.81950e-01
-1.36690e+00  2.47200e-01
-1.37310e+00  2.48050e-01
-1.36860e+00  2.84000e-01
-1.36980e+00  2.44350e-01
-1.36800e+00  2.45750e-01
-1.35370e+00  2.23700e-01
-1.33890e+00  1.79900e-01
-1.34760e+00  1.88500e-01
-1.35500e+00  2.00750e-01
-1.34220e+00  2.26300e-01
-1.36080e+00  2.55050e-01
-1.36000e+00  2.81300e-01
-1.33900e+00  2.79150e-01
-1.35650e+00  2.65100e-01
-1.36600e+00  2.42400e-01
-1.34790e+00  2.40600e-01
-1.32680e+00  2.70600e-01
-1.35230e+00  2.55900e-01
-1.35100e+00  2.77800e-01
-1.34920e+00  2.77000e-01
-1.34850e+00  2.91650e-01
-1.35150e+00  3.12400e-01
-1.37150e+00  3.20200e-01
-1.37300e+00  3.42700e-01
-1.36340e+00  3.56300e-01
-1.35670e+00  3.56550e-01
-1.36810e+00  3.44450e-01
-1.36140e+00  3.61750e-01
-1.36350e+00  3.49650e-01
-1.35220e+00  3.63900e-01
-1.36310e+00  4.13000e-01
-1.37080e+00  4.24150e-01
-1.37880e+00  4.22400e-01
-1.38500e+00  4.02850e-01
-1.38210e+00  3.72650e-01
-1.36870e+00  3.85000e-01
-1.38820e+00  3.99850e-01
-1.39050e+00  3.96550e-01
-1.37590e+00  4.22350e-01
-1.38360e+00  4.33000e-01
-1.38980e+00  4.48650e-01
-1.36850e+00  4.49750e-01
-1.40500e+00  4.52050e-01
-1.38060e+00  4.44900e-01
-1.36840e+00  4.61850e-01
-1.38400e+00  4.54000e-01
-1.37200e+00  4.58000e-01
-1.39190e+00  4.70300e-01
-1.36850e+00  4.58750e-01
-1.38770e+00  4.52000e-01
-1.37830e+00  4.30750e-01
-1.38900e+00  4.52150e-01
-1.39430e+00  4.35850e-01
-1.38350e+00  4.38550e-01
-1.36170e+00  4.32100e-01
-1.37750e+00  4.18300e-01
-1.39240e+00  4.29100e-01
-1.37520e+00  4.26250e-01
-1.38050e+00  4.47550e-01
-1.38720e+00  4.41700e-01
-1.39840e+00  4.57000e-01
-1.38030e+00  4.30150e-01
-1.38070e+00  4.35450e-01
-1.37560e+00  4.01200e-01
-1.38560e+00  4.38850e-01
-1.37420e+00  4.51600e-01
-1.38200e+00  4.54850e-01
-1.38420e+00  4.55950e-01
-1.38420e+00  4.54600e-01
-1.37380e+00  4.13250e-01
-1.36520e+00  4.20650e-01
-1.38090e+00  4.24300e-01
-1.37060e+00  4.49150e-01
-1.37070e+00  4.47800e-01
-1.35330e+00  4.29750e-01
-1.36390e+00  4.13150e-01
-1.33640e+00  4.15850e-01
-1.35470e+00  3.80300e-01
-1.36830e+00  3.51950e-01
-1.37060e+00  3.91950e-01
-1.36130e+00  4.04050e-01
-1.38200e+00  4.17900e-01
-1.34210e+00  4.16200e-01
-1.35910e+00  4.40100e-01
-1.35650e+00  4.41850e-01
-1.36120e+00  4.53700e-01
-1.34480e+00  4.44750e-01
-1.36320e+00  4.56550e-01
-1.37840e+00  4.61550e-01
-1.38160e+00  4.65350e-01
-1.36730e+00  4.25400e-01
-1.37120e+00  3.99600e-01
-1.37800e+00  4.21700e-01
-1.35580e+00  4.20000e-01
-1.37700e+00  4.43200e-01
-1.36070e+00  4.17150e-01
-1.37950e+00  4.23250e-01
-1.35820e+00  3.92250e-01
-1.35660e+00  4.01000e-01
-1.38360e+00  4.18750e-01
-1.37080e+00  4.22900e-01
-1.40440e+00  4.72650e-01
-1.37290e+00  4.37250e-01
-1.37320e+00  4.09100e-01
-1.39190e+00  4.35200e-01
-1.38560e+00  4.21600e-01
-1.36780e+00  3.93450e-01
-1.35840e+00  4.23000e-01
-1.36450e+00  4.11900e-01
-1.39500e+00  3.89650e-01
-1.35500e+00  3.72600e-01
-1.34860e+00  4.02000e-01
-1.35390e+00  3.86450e-01
-1.36910e+00  3.56900e-01
-1.36460e+00  3.41400e-01
-1.35890e+00  3.41100e-01
-1.34940e+00  3.27600e-01
-1.38370e+00  3.31800e-01
-1.36730e+00  3.46250e-01
-1.36330e+00  3.19800e-01
-1.34320e+00  2.90550e-01
-1.38670e+00  3.07850e-01
-1.37140e+00  2.93900e-01
-1.35930e+00  2.96100e-01
-1.33580e+00  2.62950e-01
-1.33350e+00  2.76050e-01
-1.35720e+00  3.03450e-01
-1.35520e+00  2.89850e-01
-1.34880e+00  2.80600e-01
-1.35260e+00  2.95000e-01
-1.35480e+00  3.06250e-01
-1.36490e+00  3.01150e-01
-1.36370e+00  2.98250e-01
-1.34360e+00  2.79800e-01
-1.37780e+00  2.76700e-01
-1.35680e+00  3.01500e-01
-1.38420e+00  3.11600e-01
-1.37570e+00  3.26000e-01
-1.36890e+00  3.57950e-01
-1.40190e+00  3.70450e-01
-1.40430e+00  3.63550e-01
-1.37430e+00  3.60100e-01
-1.36520e+00  3.48850e-01
-1.37040e+00  3.31350e-01
-1.39140e+00  3.41100e-01
-1.38270e+00  3.05750e-01
-1.37290e+00  2.89700e-01
-1.38150e+00  3.18600e-01
-1.34180e+00  2.96100e-01
-1.38010e+00  3.13550e-01
-1.36690e+00  3.01700e-01
-1.34070e+00  2.63050e-01
-1.38530e+00  2.29650e-01
-1.37000e+00  2.22650e-01
-1.36430e+00  2.60000e-01
-1.37750e+00  2.71750e-01
-1.37890e+00  2.46700e-01
-1.37760e+00  2.63950e-01
-1.37120e+00  2.57050e-01
-1.35300e+00  2.97350e-01
-1.39800e+00  2.94150e-01
-1.35540e+00  2.98550e-01
-1.38460e+00  3.33950e-01
-1.36910e+00  3.33650e-01
-1.39490e+00  3.61400e-01
-1.38180e+00  3.65700e-01
-1.36580e+00  3.93250e-01
-1.36890e+00  3.74950e-01
-1.38240e+00  3.75800e-01
-1.36520e+00  3.52950e-01
-1.37480e+00  3.51550e-01
-1.38090e+00  3.38050e-01
-1.38300e+00  3.36850e-01
-1.37380e+00  3.57800e-01
-1.36470e+00  3.29800e-01
-1.37430e+00  3.40000e-01
-1.36770e+00  3.44350e-01
-1.37740e+00  3.20050e-01
-1.37110e+00  3.10500e-01
-1.38230e+00  2.93950e-01
-1.40130e+00  3.33750e-01
-1.38040e+00  3.04550e-01
-1.37920e+00  2.84900e-01
-1.37530e+00  2.48150e-01
-1.35560e+00  2.56650e-01
-1.36060e+00  1.98200e-01
-1.37480e+00  2.25000e-01
-1.38790e+00  2.32400e-01
-1.37180e+00  2.39550e-01
-1.36110e+00  2.15700e-01
-1.35760e+00  2.48000e-01
-1.35530e+00  1.95000e-01
-1.36870e+00  1.76600e-01
-1.38090e+00  1.74250e-01
-1.35100e+00  1.83050e-01
-1.38330e+00  1.44600e-01
-1.37180e+00  1.52950e-01
-1.37570e+00  1.44700e-01
-1.39610e+00  1.11750e-01
-1.39020e+00  1.02550e-01
-1.37930e+00  9.91000e-02
-1.38010e+00  9.38500e-02
-1.35510e+00  1.09300e-01
-1.36580e+00  1.42100e-01
-1.35600e+00  1.23900e-01
-1.36550e+00  1.33450e-01
-1.35630e+00  8.76500e-02
-1.40210e+00  8.54000e-02
-1.37870e+00  5.41500e-02
-1.37050e+00  2.77500e-02
-1.37010e+00  1.40500e-02
-1.35940e+00  4.65000e-02
-1.36660e+00  4.43000e-02
-1.37600e+00  3.21500e-02
-1.39220e+00  6.58500e-02
-1.36980e+00  7.53000e-02
-1.36280e+00  7.54000e-02
-1.36060e+00  6.16000e-02
-1.37150e+00  7.99000e-02
-1.38030e+00  9.09500e-02
-1.38600e+00  1.41550e-01
-1.38010e+00  1.24000e-01
-1.37910e+00  1.24350e-01
-1.38790e+00  1.24700e-01
-1.35340e+00  9.19500e-02
-1.36230e+00  9.42000e-02
-1.36140e+00  7.77500e-02
-1.35800e+00  9.56000e-02
-1.35160e+00  1.06550e-01
-1.38810e+00  9.87000e-02
-1.35590e+00  1.11800e-01
-1.35550e+00  5.78000e-02
-1.37160e+00  4.31500e-02
-1.34700e+00  3.12500e-02
-1.36890e+00  4.45500e-02
-1.36010e+00  4.56500e-02
-1.37160e+00  7.16000e-02
-1.37270e+00  9.69000e-02
-1.38480e+00  9.10000e-02
-1.37280e+00  9.19000e-02
-1.36110e+00  8.20000e-02
-1.36510e+00  8.75500e-02
-1.38180e+00  5.98500e-02
-1.40610e+00  5.24500e-02
-1.35430e+00  6.34500e-02
-1.35910e+00  8.14000e-02
-1.36310e+00  1.23700e-01
-1.35060e+00  1.35800e-01
-1.38970e+00  1.09250e-01
-1.37360e+00  9.53000e-02
-1.34450e+00  1.23600e-01
-1.35990e+00  1.36950e-01
-1.35290e+00  1.69900e-01
-1.35430e+00  2.15250e-01
-1.36060e+00  2.41950e-01
-1.34530e+00  2.65600e-01
-1.35570e+00  2.62100e-01
-1.33580e+00  2.54650e-01
-1.37700e+00  2.85250e-01
-1.35530e+00  2.79250e-01
-1.35780e+00  2.44950e-01
-1.35720e+00  2.18750e-01
-1.35900e+00  2.54150e-01
-1.36470e+00  2.50450e-01
-1.35370e+00  2.53700e-01
-1.34130e+00  2.67700e-01
-1.35260e+00  2.67800e-01
-1.37320e+00  2.58050e-01
-1.35920e+00  2.48700e-01
-1.34020e+00  2.50250e-01
-1.36580e+00  2.34600e-01
-1.37570e+00  2.67250e-01
-1.36490e+00  2.47800e-01
-1.38600e+00  2.85250e-01
-1.38890e+00  3.05100e-01
-1.36120e+00  2.69400e-01
-1.36900e+00  3.05150e-01
-1.37220e+00  2.86700e-01
-1.37910e+00  2.83700e-01
-1.37060e+00  2.91250e-01
-1.37070e+00  2.97250e-01
-1.34590e+00  3.12250e-01
-1.37640e+00  3.36800e-01
-1.39520e+00  3.16250e-01
-1.39740e+00  3.51450e-01
-1.39070e+00  3.66850e-01
-1.36440e+00  3.53200e-01
-1.36760e+00  3.66400e-01
-1.38180e+00  4.15450e-01
-1.37280e+00  4.27750e-01
-1.37320e+00  4.16300e-01
-1.39130e+00  4.64850e-01
-1.39640e+00  4.78800e-01
-1.37400e+00  4.75750e-01
-1.40680e+00  5.24350e-01
-1.39320e+00  4.86650e-01
-1.35820e+00  4.77100e-01
-1.39960e+00  4.80750e-01
-1.40180e+00  4.81000e-01
-1.36700e+00  4.58350e-01
-1.38590e+00  4.62500e-01
-1.39130e+00  4.59550e-01
-1.38790e+00  4.56550e-01
-1.37870e+00  4.50050e-01
-1.37420e+00  4.06650e-01
-1.37530e+00  3.93250e-01
-1.36130e+00  3.73200e-01
-1.38460e+00  3.56150e-01
-1.36780e+00  3.42550e-01
-1.38240e+00  3.59800e-01
-1.36880e+00  3.45400e-01
-1.36110e+00  3.07600e-01
-1.36470e+00  2.93250e-01
-1.37890e+00  3.26150e-01
-1.37880e+00  3.27150e-01
-1.37930e+00  3.59550e-01
-1.38910e+00  3.67700e-01
-1.34940e+00  3.02900e-01
-1.34870e+00  3.12500e-01
-1.35350e+00  3.36650e-01
-1.35850e+00  3.32300e-01
-1.35690e+00  3.59550e-01
-1.35970e+00  3.89350e-01
-1.38480e+00  3.73300e-01
-1.35740e+00  3.47350e-01
-1.35820e+00  3.76950e-01
-1.36180e+00  3.64350e-01
-1.36750e+00  3.60150e-01
-1.38520e+00  3.51850e-01
-1.36930e+00  3.16850e-01
-1.37700e+00  3.04350e-01
-1.34270e+00  2.97350e-01
-1.36210e+00  2.88750e-01
-1.34670e+00  2.86300e-01
-1.37150e+00  3.00300e-01
-1.36800e+00  2.90950e-01
-1.36680e+00  2.71450e-01
-1.36780e+00  2.55150e-01
-1.36770e+00  2.14800e-01
-1.35140e+00  2.07600e-01
-1.36050e+00  1.54200e-01
-1.37420e+00  1.49550e-01
-1.35060e+00  1.27800e-01
-1.38920e+00  1.23900e-01
-1.37090e+00  1.40300e-01
-1.35950e+00  1.28950e-01
-1.34450e+00  1.19500e-01
-1.36860e+00  1.23550e-01
-1.37940e+00  1.24200e-01
-1.35870e+00  1.27750e-01
-1.36800e+00  1.16950e-01
-1.37570e+00  1.69750e-01
-1.37920e+00  1.44800e-01
-1.36580e+00  1.32450e-01
-1.38180e+00  1.53700e-01
-1.37900e+00  1.45750e-01
-1.34660e+00  1.47250e-01
-1.36000e+00  1.49150e-01
-1.37080e+00  1.33000e-01
-1.37100e+00  1.31900e-01
-1.36330e+00  1.27600e-01
-1.37330e+00  1.37250e-01
-1.40690e+00  1.80600e-01
-1.36270e+00  1.68200e-01
-1.35640e+00  1.90550e-01
-1.34430e+00  2.17500e-01
-1.35450e+00  2.07550e-01
-1.36050e+00  1.94850e-01
-1.33970e+00  2.11200e-01
-1.36860e+00  2.15350e-01
-1.36120e+00  2.19400e-01
-1.36110e+00  2.13550e-01
-1.34260e+00  2.16300e-01
-1.35140e+00  2.37750e-01
-1.34500e+00  2.54050e-01
-1.33910e+00  2.33850e-01
-1.34170e+00  2.05150e-01
-1.35470e+00  2.48350e-01
-1.36440e+00  3.11300e-01
-1.37820e+00  3.24150e-01
-1.35950e+00  2.93950e-01
-1.36440e+00  2.74950e-01
-1.37090e+00  2.58700e-01
-1.38190e+00  2.93550e-01
-1.37200e+00  3.31200e-01
-1.36750e+00  3.39100e-01
-1.36650e+00  3.16500e-01
-1.37590e+00  2.96450e-01
-1.37920e+00  3.00550e-01
-1.37850e+00  3.04600e-01
-1.37300e+00  3.09700e-01
-1.38780e+00  2.98200e-01
-1.37900e+00  2.90150e-01
-1.35270e+00  2.80150e-01
-1.35480e+00  2.50650e-01
-1.36770e+00  2.29450e-01
-1.33370e+00  2.16400e-01
-1.34960e+00  1.91950e-01
-1.38120e+00  1.89600e-01
-1.38770e+00  2.06050e-01
-1.35900e+00  2.04000e-01
-1.38670e+00  1.85200e-01
-1.34910e+00  1.78300e-01
-1.36900e+00  1.70000e-01
-1.35370e+00  1.92600e-01
-1.35040e+00  2.00400e-01
-1.34580e+00  2.20850e-01
-1.37100e+00  2.30650e-01
-1.38180e+00  2.57000e-01
-1.38190e+00  2.57300e-01
-1.36650e+00  2.63050e-01
-1.36620e+00  2.97150e-01
-1.36460e+00  3.31600e-01
-1.37010e+00  3.59400e-01
-1.36010e+00  4.03200e-01
-1.38030e+00  3.68450e-01
-1.38000e+00  3.97050e-01
-1.36450e+00  4.04650e-01
-1.38730e+00  4.08350e-01
-1.40190e+00  4.15150e-01
-1.39780e+00  4.16800e-01
-1.39490e+00  4.42300e-01
-1.39320e+00  4.19400e-01
-1.37410e+00  3.98050e-01
-1.36850e+00  4.06400e-01
-1.37290e+00  4.03100e-01
-1.37870e+00  3.94350e-01
-1.38500e+00  4.06450e-01
-1.38770e+00  4.16300e-01
-1.39630e+00  4.44300e-01
-1.39850e+00  4.05750e-01
-1.37440e+00  3.62650e-01
-1.37530e+00  3.34700e-01
-1.41040e+00  3.97250e-01
-1.38360e+00  4.11050e-01
-1.39470e+00  4.40150e-01
-1.37840e+00  4.18300e-01
-1.37960e+00  3.79250e-01
-1.38680e+00  3.48950e-01
-1.36070e+00  3.57700e-01
-1.37030e+00  3.73900e-01
-1.39310e+00  4.03700e-01
-1.39350e+00  4.04000e-01
-1.37950e+00  3.83950e-01
-1.37530e+00  3.93700e-01
-1.36430e+00  3.50300e-01
-1.36960e+00  3.70400e-01
-1.39310e+00  3.87900e-01
-1.35430e+00  3.59200e-01
-1.38420e+00  4.06650e-01
-1.40850e+00  3.88000e-01
-1.40530e+00  3.98400e-01
-1.37050e+00  3.70650e-01
-1.35740e+00  3.57750e-01
-1.37530e+00  3.71950e-01
-1.37080e+00  3.60050e-01
-1.36770e+00  3.66800e-01
-1.36450e+00  3.95500e-01
-1.40180e+00  4.00200e-01
-1.37820e+00  3.86600e-01
-1.38110e+00  3.98850e-01
-1.38000e+00  4.27350e-01
-1.38400e+00  4.14150e-01
-1.39550e+00  4.47250e-01
-1.37250e+00  3.92100e-01
-1.38900e+00  3.89650e-01
-1.36340e+00  3.68350e-01
-1.37750e+00  3.75500e-01
-1.35350e+00  3.74650e-01
-1.37110e+00  4.06850e-01
-1.40390e+00  4.27900e-01
-1.40530e+00  4.34050e-01
-1.38780e+00  4.28350e-01
-1.40440e+00  4.35600e-01
-1.40780e+00  4.40400e-01
-1.38180e+00  4.41250e-01
-1.38530e+00  4.45850e-01
-1.39130e+00  4.31800e-01
-1.35340e+00  4.03900e-01
-1.37190e+00  4.28250e-01
-1.38930e+00  4.39200e-01
-1.35420e+00  4.49550e-01
-1.36030e+00  4.38650e-01
-1.38370e+00  4.68100e-01
-1.36410e+00  4.39000e-01
-1.37580e+00  4.43100e-01
-1.36450e+00  3.81750e-01
-1.36490e+00  3.86700e-01
-1.36980e+00  3.79550e-01
-1.34070e+00  3.56500e-01
-1.38680e+00  3.56400e-01
-1.39980e+00  3.87700e-01
-1.41310e+00  4.16450e-01
-1.38630e+00  3.85850e-01
-1.36060e+00  3.69000e-01
-1.37580e+00  3.61950e-01
-1.38260e+00  3.55650e-01
-1.37580e+00  3.51150e-01
-1.37880e+00  3.97550e-01
-1.37030e+00  3.70650e-01
-1.36670e+00  3.72750e-01
-1.36070e+00  3.87250e-01
-1.38200e+00  4.06950e-01
-1.39380e+00  4.21900e-01
-1.37380e+00  4.23350e-01
-1.36690e+00  4.40650e-01
-1.37050e+00  4.44250e-01
-1.36730e+00  4.52750e-01
-1.35820e+00  4.30200e-01
-1.37640e+00  4.26500e-01
-1.38630e+00  4.22600e-01
