T=2.20000e+00  B=0.00000e+00  ns=16384  E_exact=-1.54649e+00  M_exact=7.84755e-01
     E           M        
--------------------------
-1.58325e+00  8.18604e-01
-1.56494e+00  7.93091e-01
-1.53979e+00  7.73315e-01
-1.55981e+00  7.88452e-01
-1.54639e+00  7.99805e-01
-1.58105e+00  8.18604e-01
-1.55640e+00  8.11157e-01
-1.53003e+00  7.89795e-01
-1.55933e+00  7.98828e-01
-1.55029e+00  7.77710e-01
-1.56299e+00  8.11279e-01
-1.56348e+00  7.94434e-01
-1.54541e+00  8.00781e-01
-1.56470e+00  7.86865e-01
-1.56885e+00  7.99072e-01
-1.56494e+00  7.96509e-01
-1.54517e+00  7.95776e-01
-1.55713e+00  8.02490e-01
-1.56128e+00  8.20801e-01
-1.55737e+00  8.18359e-01
-1.53687e+00  7.96021e-01
-1.57104e+00  8.05420e-01
-1.53296e+00  8.02979e-01
-1.55029e+00  7.84058e-01
-1.56543e+00  8.23975e-01
-1.59717e+00  8.23608e-01
-1.55371e+00  8.04810e-01
-1.53442e+00  7.95288e-01
-1.55029e+00  7.89551e-01
-1.55713e+00  8.03955e-01
-1.53613e+00  7.86133e-01
-1.56201e+00  8.15430e-01
-1.54370e+00  7.91748e-01
-1.53149e+00  7.80884e-01
-1.55127e+00  7.85278e-01
-1.54297e+00  7.81494e-01
-1.55640e+00  7.73315e-01
-1.54053e+00  7.86987e-01
-1.54834e+00  7.79053e-01
-1.54028e+00  7.78076e-01
-1.55933e+00  7.91138e-01
-1.51392e+00  7.46582e-01
-1.55200e+00  7.82227e-01
-1.49243e+00  7.37915e-01
-1.54077e+00  7.84668e-01
-1.52954e+00  7.69775e-01
-1.53125e+00  7.69287e-01
-1.55127e+00  7.95288e-01
-1.54395e+00  7.89673e-01
-1.51929e+00  7.60864e-01
-1.53174e+00  7.63428e-01
-1.52612e+00  7.68677e-01
-1.57129e+00  8.15308e-01
-1.51074e+00  7.61475e-01
-1.57300e+00  8.18726e-01
-1.52319e+00  7.63550e-01
-1.57471e+00  8.23242e-01
-1.57715e+00  8.23853e-01
-1.54639e+00  7.86743e-01
-1.53174e+00  7.91504e-01
-1.55371e+00  8.06396e-01
-1.52417e+00  7.86011e-01
-1.51025e+00  7.68066e-01
-1.52173e+00  7.74292e-01
-1.57959e+00  8.10913e-01
-1.55762e+00  8.10547e-01
-1.56885e+00  8.02368e-01
-1.53003e+00  7.73560e-01
-1.53369e+00  7.71973e-01
-1.58643e+00  8.16650e-01
-1.58081e+00  8.10303e-01
-1.51636e+00  7.71484e-01
-1.54102e+00  7.75757e-01
-1.56226e+00  8.10669e-01
-1.54639e+00  8.12134e-01
-1.53687e+00  7.89307e-01
-1.56909e+00  8.03589e-01
-1.57471e+00  8.17627e-01
-1.55640e+00  7.93213e-01
-1.54834e+00  7.83447e-01
-1.51196e+00  7.40479e-01
-1.55786e+00  7.74780e-01
-1.56958e+00  7.97363e-01
-1.56934e+00  8.00049e-01
-1.55249e+00  7.80518e-01
-1.54102e+00  7.78076e-01
-1.55029e+00  7.86011e-01
-1.56958e+00  8.07739e-01
-1.55103e+00  7.97485e-01
-1.54565e+00  8.12134e-01
-1.57471e+00  8.05298e-01
-1.53735e+00  7.64282e-01
-1.57056e+00  7.95166e-01
-1.55200e+00  7.86499e-01
-1.55396e+00  7.87109e-01
-1.54834e+00  7.87109e-01
-1.52710e+00  7.89551e-01
-1.55444e+00  7.89062e-01
-1.52661e+00  7.60010e-01
-1.55225e+00  7.66113e-01
-1.55347e+00  7.72095e-01
-1.52246e+00  7.48657e-01
-1.49780e+00  7.28271e-01
-1.55566e+00  7.85645e-01
-1.56592e+00  8.02856e-01
-1.53149e+00  7.88818e-01
-1.55859e+00  7.90649e-01
-1.54810e+00  7.95410e-01
-1.55103e+00  8.12378e-01
-1.51221e+00  7.81372e-01
-1.54736e+00  8.00415e-01
-1.54541e+00  7.88818e-01
-1.51416e+00  7.55493e-01
-1.56226e+00  7.67212e-01
-1.57471e+00  7.96265e-01
-1.52417e+00  7.55005e-01
-1.51270e+00  7.54150e-01
-1.53589e+00  7.64771e-01
-1.53833e+00  7.63184e-01
-1.55469e+00  8.04077e-01
-1.54663e+00  7.80640e-01
-1.53540e+00  7.77100e-01
-1.57178e+00  7.88574e-01
-1.56714e+00  7.83813e-01
-1.53003e+00  7.61353e-01
-1.54517e+00  7.78442e-01
-1.52808e+00  7.52197e-01
-1.55518e+00  7.88208e-01
-1.51123e+00  7.55737e-01
-1.55078e+00  7.74048e-01
-1.53809e+00  7.66602e-01
-1.54248e+00  7.81128e-01
-1.56030e+00  8.01270e-01
-1.52563e+00  7.93091e-01
-1.55908e+00  7.95776e-01
-1.53223e+00  7.91504e-01
-1.51123e+00  7.68066e-01
-1.57056e+00  7.99561e-01
-1.53345e+00  7.91504e-01
-1.54321e+00  7.81494e-01
-1.54395e+00  7.86621e-01
-1.52588e+00  7.73071e-01
-1.54761e+00  7.99316e-01
-1.55396e+00  8.08105e-01
-1.55859e+00  7.92603e-01
-1.54199e+00  7.97241e-01
-1.58984e+00  8.28979e-01
-1.56519e+00  8.09204e-01
-1.56470e+00  8.11401e-01
-1.57568e+00  8.26416e-01
-1.57935e+00  8.31787e-01
-1.56372e+00  8.09937e-01
-1.54297e+00  7.96631e-01
-1.57593e+00  8.07129e-01
-1.55200e+00  7.96753e-01
-1.51978e+00  7.78320e-01
-1.53467e+00  7.68311e-01
-1.56982e+00  7.98340e-01
-1.53467e+00  7.75757e-01
-1.52246e+00  7.77344e-01
-1.54028e+00  8.01880e-01
-1.57520e+00  8.28613e-01
-1.56470e+00  7.86377e-01
-1.50806e+00  7.49512e-01
-1.52051e+00  7.59644e-01
-1.52075e+00  7.65259e-01
-1.52563e+00  7.65625e-01
-1.56079e+00  7.91992e-01
-1.57861e+00  7.86743e-01
-1.56030e+00  7.91992e-01
-1.54028e+00  7.82471e-01
-1.58154e+00  8.19336e-01
-1.55273e+00  7.94312e-01
-1.56860e+00  8.04688e-01
-1.55835e+00  7.93457e-01
-1.50366e+00  7.60498e-01
-1.54468e+00  7.73438e-01
-1.52173e+00  7.51831e-01
-1.55591e+00  7.86499e-01
-1.56543e+00  8.03467e-01
-1.49683e+00  7.49268e-01
-1.56689e+00  7.96143e-01
-1.53711e+00  8.01514e-01
-1.53760e+00  7.79297e-01
-1.57886e+00  8.15186e-01
-1.58521e+00  8.22144e-01
-1.56250e+00  8.03711e-01
-1.54028e+00  7.60254e-01
-1.54053e+00  7.71118e-01
-1.50049e+00  7.34985e-01
-1.50928e+00  7.34985e-01
-1.56958e+00  7.89185e-01
-1.55737e+00  7.93091e-01
-1.55762e+00  7.96387e-01
-1.56299e+00  8.09570e-01
-1.54565e+00  7.92114e-01
-1.57617e+00  8.09570e-01
-1.57349e+00  8.12378e-01
-1.56934e+00  8.22021e-01
-1.57007e+00  8.13354e-01
-1.54956e+00  7.94312e-01
-1.56445e+00  7.84546e-01
-1.55493e+00  8.06763e-01
-1.56641e+00  7.90771e-01
-1.52856e+00  7.92358e-01
-1.57202e+00  8.15308e-01
-1.53491e+00  7.84302e-01
-1.52002e+00  7.53784e-01
-1.53394e+00  7.63062e-01
-1.55566e+00  7.99194e-01
-1.53296e+00  7.60498e-01
-1.51123e+00  7.51099e-01
-1.53198e+00  7.38647e-01
-1.50146e+00  6.97388e-01
-1.50146e+00  7.14722e-01
-1.51489e+00  7.40967e-01
-1.51514e+00  7.46216e-01
-1.52930e+00  7.55859e-01
-1.55078e+00  7.56348e-01
-1.55566e+00  7.65869e-01
-1.53491e+00  7.81006e-01
-1.51978e+00  7.51099e-01
-1.55786e+00  7.66724e-01
-1.49951e+00  7.19116e-01
-1.51050e+00  7.47437e-01
-1.53491e+00  7.89062e-01
-1.55786e+00  7.97363e-01
-1.54614e+00  8.11768e-01
-1.56616e+00  8.22510e-01
-1.58423e+00  8.17139e-01
-1.53931e+00  7.82349e-01
-1.55542e+00  7.73926e-01
-1.56519e+00  7.95044e-01
-1.53833e+00  7.83936e-01
-1.56348e+00  8.17017e-01
-1.55640e+00  7.93823e-01
-1.56396e+00  8.17017e-01
-1.56445e+00  8.07495e-01
-1.54150e+00  7.72339e-01
-1.54590e+00  7.96997e-01
-1.58740e+00  8.28125e-01
-1.55493e+00  7.99438e-01
-1.55005e+00  8.01392e-01
-1.54297e+00  7.86011e-01
-1.55615e+00  8.17627e-01
-1.55566e+00  7.98950e-01
-1.53125e+00  7.76367e-01
-1.53735e+00  7.71606e-01
-1.54175e+00  7.88696e-01
-1.55249e+00  7.76733e-01
-1.53662e+00  7.91626e-01
-1.55859e+00  8.00537e-01
-1.53735e+00  7.72339e-01
-1.53223e+00  7.73560e-01
-1.52441e+00  7.57202e-01
-1.53784e+00  7.45850e-01
-1.53589e+00  7.44141e-01
-1.55420e+00  7.46216e-01
-1.54102e+00  7.63916e-01
-1.52173e+00  7.52563e-01
-1.54126e+00  7.67944e-01
-1.53638e+00  7.69043e-01
-1.55322e+00  7.82104e-01
-1.53369e+00  7.75879e-01
-1.54272e+00  7.77100e-01
-1.53027e+00  7.66968e-01
-1.53149e+00  7.60498e-01
-1.57544e+00  8.20190e-01
-1.53735e+00  7.71362e-01
-1.50806e+00  7.35596e-01
-1.51636e+00  7.69409e-01
-1.51978e+00  7.70996e-01
-1.55225e+00  7.68799e-01
-1.49609e+00  7.35474e-01
-1.51172e+00  7.39014e-01
-1.58862e+00  7.93945e-01
-1.55249e+00  7.60742e-01
-1.54517e+00  7.30225e-01
-1.52344e+00  7.25586e-01
-1.52539e+00  7.12646e-01
-1.50879e+00  7.14111e-01
-1.54126e+00  7.39380e-01
-1.50195e+00  6.92261e-01
-1.51636e+00  7.29370e-01
-1.53564e+00  7.61108e-01
-1.56250e+00  7.85767e-01
-1.54321e+00  7.79175e-01
-1.54297e+00  7.64038e-01
-1.56201e+00  7.78809e-01
-1.58057e+00  8.16528e-01
-1.54785e+00  7.92725e-01
-1.55908e+00  7.93579e-01
-1.53760e+00  8.00171e-01
-1.53613e+00  7.79297e-01
-1.54907e+00  7.48779e-01
-1.56104e+00  7.68188e-01
-1.53711e+00  7.54517e-01
-1.58374e+00  8.01270e-01
-1.52979e+00  7.63062e-01
-1.52612e+00  7.78198e-01
-1.54102e+00  7.88940e-01
-1.56128e+00  7.89185e-01
-1.55371e+00  7.91626e-01
-1.54297e+00  7.79175e-01
-1.56006e+00  8.05542e-01
-1.52637e+00  7.61841e-01
-1.56372e+00  8.08960e-01
-1.56445e+00  7.91260e-01
-1.56787e+00  8.08105e-01
-1.54712e+00  7.88208e-01
-1.55298e+00  8.00781e-01
-1.57690e+00  8.17261e-01
-1.57227e+00  8.27271e-01
-1.56860e+00  8.09326e-01
-1.55688e+00  7.87598e-01
-1.55835e+00  8.07617e-01
-1.54858e+00  8.08105e-01
-1.54443e+00  7.91382e-01
-1.50708e+00  7.62207e-01
-1.53857e+00  7.76245e-01
-1.52686e+00  7.74170e-01
-1.53784e+00  7.86499e-01
-1.53589e+00  7.88818e-01
-1.55566e+00  8.12744e-01
-1.54834e+00  8.02734e-01
-1.50391e+00  7.56714e-01
-1.52271e+00  7.68311e-01
-1.56128e+00  7.95044e-01
-1.56616e+00  8.01636e-01
-1.53711e+00  7.91016e-01
-1.56152e+00  8.02734e-01
-1.54175e+00  7.91870e-01
-1.57251e+00  8.12134e-01
-1.55444e+00  7.83569e-01
-1.56567e+00  7.84302e-01
-1.55591e+00  7.92480e-01
-1.51636e+00  7.61475e-01
-1.54297e+00  7.54395e-01
-1.51929e+00  7.59155e-01
-1.53442e+00  7.58911e-01
-1.55347e+00  7.96875e-01
-1.53540e+00  7.87964e-01
-1.52563e+00  7.46948e-01
-1.53418e+00  7.55615e-01
-1.51855e+00  7.37427e-01
-1.56250e+00  7.93579e-01
-1.52759e+00  7.72461e-01
-1.50610e+00  7.35840e-01
-1.56909e+00  7.89429e-01
-1.52930e+00  7.71973e-01
-1.52100e+00  7.67578e-01
-1.55225e+00  8.16895e-01
-1.56201e+00  8.03101e-01
-1.59229e+00  8.19092e-01
-1.55664e+00  8.14209e-01
-1.54541e+00  7.98218e-01
-1.55640e+00  7.84912e-01
-1.54761e+00  7.85278e-01
-1.51758e+00  7.70874e-01
-1.55298e+00  7.71118e-01
-1.54028e+00  7.78198e-01
-1.55566e+00  7.95044e-01
-1.54443e+00  7.92969e-01
-1.53491e+00  7.65137e-01
-1.57349e+00  8.24219e-01
-1.55566e+00  8.16284e-01
-1.53271e+00  7.85278e-01
-1.55591e+00  8.03833e-01
-1.54297e+00  7.99927e-01
-1.58105e+00  8.26538e-01
-1.54199e+00  7.81494e-01
-1.57031e+00  7.93945e-01
-1.58032e+00  7.86499e-01
-1.53784e+00  7.80273e-01
-1.56030e+00  8.02246e-01
-1.55322e+00  8.09448e-01
-1.58374e+00  7.92114e-01
-1.50952e+00  7.51831e-01
-1.55005e+00  7.41089e-01
-1.51147e+00  7.34497e-01
-1.53223e+00  7.50244e-01
-1.51611e+00  7.69897e-01
-1.55029e+00  7.80518e-01
-1.54077e+00  7.71973e-01
-1.55298e+00  7.78442e-01
-1.50879e+00  7.63550e-01
-1.55371e+00  7.93823e-01
-1.54102e+00  7.79785e-01
-1.49390e+00  7.37427e-01
-1.56567e+00  7.77466e-01
-1.52661e+00  7.64404e-01
-1.52588e+00  7.64771e-01
-1.53125e+00  7.61353e-01
-1.51758e+00  7.25830e-01
-1.53784e+00  7.76001e-01
-1.53540e+00  7.69775e-01
-1.56104e+00  7.88452e-01
-1.53174e+00  7.80273e-01
-1.55347e+00  7.87109e-01
-1.51831e+00  7.21191e-01
-1.54688e+00  7.55981e-01
-1.54199e+00  7.47925e-01
-1.53784e+00  7.64893e-01
-1.54102e+00  7.58057e-01
-1.52466e+00  7.62573e-01
-1.53784e+00  7.83447e-01
-1.55615e+00  7.63184e-01
-1.54565e+00  7.61963e-01
-1.53564e+00  7.71851e-01
-1.54736e+00  7.91504e-01
-1.53540e+00  7.73926e-01
-1.53101e+00  7.95654e-01
-1.56763e+00  8.05542e-01
-1.55737e+00  8.08228e-01
-1.53345e+00  7.60620e-01
-1.55029e+00  7.87964e-01
-1.52563e+00  7.68799e-01
-1.54639e+00  7.82837e-01
-1.56885e+00  8.13721e-01
-1.59814e+00  8.30811e-01
-1.56104e+00  8.11401e-01
-1.51099e+00  7.81982e-01
-1.54980e+00  8.15063e-01
-1.54126e+00  7.85767e-01
-1.54858e+00  7.99072e-01
-1.56738e+00  8.09204e-01
-1.56909e+00  8.07251e-01
-1.55054e+00  7.95898e-01
-1.52100e+00  7.67944e-01
-1.51880e+00  7.35352e-01
-1.51636e+00  7.70630e-01
-1.53491e+00  7.89795e-01
-1.54028e+00  7.84180e-01
-1.55688e+00  7.96143e-01
-1.52954e+00  7.56226e-01
-1.54321e+00  7.59277e-01
-1.55249e+00  7.82959e-01
-1.54907e+00  7.91992e-01
-1.54785e+00  7.80518e-01
-1.56519e+00  8.01270e-01
-1.60010e+00  8.28979e-01
-1.56763e+00  8.12622e-01
-1.56689e+00  8.20068e-01
-1.56250e+00  8.04565e-01
-1.53271e+00  7.93945e-01
-1.55420e+00  7.81738e-01
-1.58740e+00  8.27271e-01
-1.58252e+00  8.27637e-01
-1.57544e+00  8.15674e-01
-1.52661e+00  7.82104e-01
-1.55347e+00  8.01392e-01
-1.52734e+00  7.68677e-01
-1.49658e+00  7.47314e-01
-1.56543e+00  7.95166e-01
-1.55078e+00  7.88940e-01
-1.55151e+00  7.79175e-01
-1.52539e+00  7.66968e-01
-1.57251e+00  7.98096e-01
-1.57568e+00  8.15430e-01
-1.53516e+00  7.98096e-01
-1.52612e+00  7.74536e-01
-1.52173e+00  7.51709e-01
-1.53540e+00  7.85522e-01
-1.54419e+00  7.82593e-01
-1.54077e+00  7.65015e-01
-1.53687e+00  7.53174e-01
-1.52246e+00  7.58423e-01
-1.54810e+00  7.86621e-01
-1.52588e+00  7.89429e-01
-1.52124e+00  7.75146e-01
-1.53857e+00  7.66724e-01
-1.54199e+00  7.60254e-01
-1.52393e+00  7.83691e-01
-1.55493e+00  7.98096e-01
-1.55469e+00  7.94922e-01
-1.53198e+00  7.88696e-01
-1.54175e+00  7.65869e-01
-1.52344e+00  7.77344e-01
-1.55200e+00  7.82471e-01
-1.53125e+00  7.39014e-01
-1.50830e+00  7.22412e-01
-1.50830e+00  6.79565e-01
-1.48242e+00  6.51001e-01
-1.52197e+00  6.77124e-01
-1.50635e+00  6.85425e-01
-1.51099e+00  7.14233e-01
-1.51611e+00  7.16431e-01
-1.54590e+00  7.57446e-01
-1.51855e+00  7.58789e-01
-1.54395e+00  7.65381e-01
-1.51709e+00  7.54883e-01
-1.55835e+00  7.79541e-01
-1.53784e+00  7.94312e-01
-1.54858e+00  7.97729e-01
-1.55054e+00  8.02856e-01
-1.55615e+00  8.12988e-01
-1.56030e+00  7.90649e-01
-1.53125e+00  7.75635e-01
-1.53271e+00  7.81860e-01
-1.54004e+00  7.73071e-01
-1.54565e+00  7.94189e-01
-1.53345e+00  7.82715e-01
-1.55688e+00  8.02856e-01
-1.56641e+00  7.92236e-01
-1.53369e+00  7.84180e-01
-1.58276e+00  8.19214e-01
-1.54175e+00  8.12622e-01
-1.54004e+00  7.98828e-01
-1.55542e+00  7.82959e-01
-1.56787e+00  8.02979e-01
-1.53345e+00  7.91016e-01
-1.55688e+00  7.99316e-01
-1.54321e+00  7.82104e-01
-1.55859e+00  8.09814e-01
-1.56958e+00  8.26050e-01
-1.56787e+00  8.16895e-01
-1.56201e+00  8.12378e-01
-1.53857e+00  7.63672e-01
-1.54517e+00  7.79541e-01
-1.53760e+00  7.94922e-01
-1.54492e+00  7.99438e-01
-1.58472e+00  8.28003e-01
-1.53955e+00  7.90161e-01
-1.58350e+00  8.00903e-01
-1.56152e+00  7.84912e-01
-1.54492e+00  7.90894e-01
-1.54443e+00  8.09814e-01
-1.57178e+00  8.24219e-01
-1.54199e+00  7.98950e-01
-1.53638e+00  7.86865e-01
-1.55786e+00  7.98462e-01
-1.50732e+00  7.55249e-01
-1.54297e+00  7.85889e-01
-1.53833e+00  7.87842e-01
-1.55518e+00  7.97241e-01
-1.56274e+00  8.03589e-01
-1.51245e+00  7.57935e-01
-1.52979e+00  7.66724e-01
-1.54492e+00  7.83325e-01
-1.54443e+00  7.85889e-01
-1.56543e+00  8.05298e-01
-1.56665e+00  8.03223e-01
-1.54590e+00  8.02246e-01
-1.55444e+00  8.12622e-01
-1.53857e+00  7.89551e-01
-1.57080e+00  8.20923e-01
-1.53687e+00  7.87109e-01
-1.54199e+00  7.99683e-01
-1.52661e+00  7.92725e-01
-1.54980e+00  8.07007e-01
-1.56323e+00  7.95288e-01
-1.55664e+00  8.14575e-01
-1.58154e+00  8.07739e-01
-1.55420e+00  7.83081e-01
-1.57349e+00  8.03711e-01
-1.56006e+00  8.08838e-01
-1.55371e+00  8.03101e-01
-1.54956e+00  7.97852e-01
-1.58228e+00  8.28247e-01
-1.56641e+00  8.13843e-01
-1.55444e+00  8.00293e-01
-1.57544e+00  8.14209e-01
-1.51514e+00  7.64038e-01
-1.55566e+00  7.91748e-01
-1.53198e+00  7.76367e-01
-1.55322e+00  7.84790e-01
-1.55298e+00  8.00781e-01
-1.56519e+00  8.00293e-01
-1.51123e+00  7.80151e-01
-1.52344e+00  7.89062e-01
-1.54370e+00  7.87842e-01
-1.56177e+00  8.27759e-01
-1.58350e+00  8.25806e-01
-1.58057e+00  8.01880e-01
-1.60571e+00  8.31299e-01
-1.54980e+00  8.04077e-01
-1.56299e+00  8.19580e-01
-1.52100e+00  7.85522e-01
-1.53589e+00  7.80884e-01
-1.53857e+00  7.61719e-01
-1.55640e+00  7.55127e-01
-1.49292e+00  7.16797e-01
-1.56372e+00  7.57080e-01
-1.55298e+00  7.53174e-01
-1.56982e+00  7.86743e-01
-1.55957e+00  7.73682e-01
-1.53882e+00  7.70142e-01
-1.52026e+00  7.83447e-01
-1.53223e+00  7.71484e-01
-1.55688e+00  7.89917e-01
-1.56201e+00  8.06030e-01
-1.53833e+00  7.67944e-01
-1.56860e+00  7.77344e-01
-1.54517e+00  7.85889e-01
-1.52344e+00  7.71973e-01
-1.54932e+00  7.79297e-01
-1.52002e+00  7.47559e-01
-1.54834e+00  7.69165e-01
-1.54590e+00  7.91016e-01
-1.54321e+00  7.94922e-01
-1.56104e+00  7.85767e-01
-1.54663e+00  8.00293e-01
-1.53882e+00  7.94800e-01
-1.52930e+00  7.72583e-01
-1.53931e+00  7.88086e-01
-1.55737e+00  7.93457e-01
-1.54590e+00  7.92847e-01
-1.52783e+00  7.91626e-01
-1.55957e+00  7.97241e-01
-1.58325e+00  8.23364e-01
-1.53394e+00  7.61841e-01
-1.54761e+00  7.66724e-01
-1.51489e+00  7.50000e-01
-1.56055e+00  7.97363e-01
-1.54419e+00  7.82593e-01
-1.55200e+00  7.99683e-01
-1.57837e+00  8.28735e-01
-1.55762e+00  7.94312e-01
-1.57251e+00  8.06763e-01
-1.57446e+00  8.25439e-01
-1.49243e+00  7.64038e-01
-1.54370e+00  7.98218e-01
-1.53296e+00  7.95288e-01
-1.52563e+00  7.80518e-01
-1.55811e+00  8.12500e-01
-1.58105e+00  8.16772e-01
-1.53516e+00  7.81250e-01
-1.53979e+00  7.80762e-01
-1.54541e+00  7.95044e-01
-1.58984e+00  8.13110e-01
-1.52856e+00  7.74902e-01
-1.49780e+00  7.59155e-01
-1.54956e+00  7.92969e-01
-1.55786e+00  8.02124e-01
-1.57837e+00  8.10547e-01
-1.53491e+00  7.84180e-01
-1.53491e+00  7.86743e-01
-1.53271e+00  7.93335e-01
-1.53979e+00  7.92114e-01
-1.51562e+00  7.51831e-01
-1.51318e+00  7.51343e-01
-1.53467e+00  7.76855e-01
-1.53564e+00  7.88208e-01
-1.54492e+00  7.86011e-01
-1.55811e+00  7.98584e-01
-1.55469e+00  7.83691e-01
-1.55347e+00  7.87354e-01
-1.52393e+00  7.60620e-01
-1.52466e+00  7.57568e-01
-1.52026e+00  7.60498e-01
-1.51221e+00  7.76489e-01
-1.54834e+00  7.90649e-01
-1.53418e+00  7.58179e-01
-1.53589e+00  7.62695e-01
-1.53662e+00  7.86377e-01
-1.57593e+00  8.18970e-01
-1.54419e+00  7.93579e-01
-1.54590e+00  7.89551e-01
-1.55298e+00  7.99316e-01
-1.52930e+00  7.68677e-01
-1.53345e+00  7.86377e-01
-1.56104e+00  7.79053e-01
-1.55591e+00  7.75146e-01
-1.51172e+00  7.62207e-01
-1.58057e+00  8.01025e-01
-1.54565e+00  7.96387e-01
-1.57959e+00  8.12256e-01
-1.52979e+00  7.77832e-01
-1.55225e+00  8.04077e-01
-1.56055e+00  7.96265e-01
-1.52954e+00  7.82837e-01
-1.50659e+00  7.79419e-01
-1.52832e+00  7.96387e-01
-1.57495e+00  8.05054e-01
-1.52490e+00  7.78442e-01
-1.53833e+00  7.82959e-01
-1.52515e+00  7.65503e-01
-1.51685e+00  7.53540e-01
-1.55225e+00  7.87964e-01
-1.55273e+00  7.87354e-01
-1.54224e+00  7.91138e-01
-1.54077e+00  8.00415e-01
-1.56665e+00  8.13843e-01
-1.56567e+00  8.18726e-01
-1.54248e+00  7.94189e-01
-1.55713e+00  8.07373e-01
-1.55591e+00  7.83447e-01
-1.54736e+00  7.75391e-01
-1.53442e+00  7.47192e-01
-1.55396e+00  7.74658e-01
-1.51782e+00  7.68921e-01
-1.55518e+00  8.15430e-01
-1.55444e+00  7.96753e-01
-1.58960e+00  8.20435e-01
-1.53613e+00  7.82959e-01
-1.53418e+00  8.01147e-01
-1.54761e+00  7.88208e-01
-1.56226e+00  7.99927e-01
-1.52490e+00  7.69531e-01
-1.53442e+00  7.58423e-01
-1.52686e+00  7.65747e-01
-1.56104e+00  7.96021e-01
-1.56445e+00  8.12866e-01
-1.55151e+00  8.12256e-01
-1.53931e+00  7.86743e-01
-1.53857e+00  7.96631e-01
-1.54858e+00  7.91626e-01
-1.56079e+00  8.14575e-01
-1.55054e+00  7.87231e-01
-1.52832e+00  7.69287e-01
-1.54614e+00  7.68188e-01
-1.54443e+00  7.77344e-01
-1.55005e+00  7.95532e-01
-1.59155e+00  8.34473e-01
-1.57275e+00  8.01636e-01
-1.54224e+00  7.68433e-01
-1.56201e+00  8.21533e-01
-1.56885e+00  8.22510e-01
-1.52271e+00  7.91870e-01
-1.59424e+00  8.38989e-01
-1.58154e+00  8.19092e-01
-1.54053e+00  7.85767e-01
-1.59229e+00  8.04688e-01
-1.56177e+00  8.23730e-01
-1.57397e+00  8.24585e-01
-1.54858e+00  8.12012e-01
-1.53955e+00  7.92969e-01
-1.53491e+00  7.81128e-01
-1.52173e+00  7.72095e-01
-1.55225e+00  7.89062e-01
-1.57861e+00  8.02979e-01
-1.55029e+00  7.84424e-01
-1.56055e+00  8.10425e-01
-1.54565e+00  7.84912e-01
-1.52612e+00  7.64282e-01
-1.54541e+00  7.95288e-01
-1.59595e+00  8.11890e-01
-1.57715e+00  8.02124e-01
-1.55493e+00  7.90771e-01
-1.56494e+00  8.10547e-01
-1.56006e+00  8.06519e-01
-1.56836e+00  8.22632e-01
-1.59009e+00  8.40576e-01
-1.59351e+00  8.39478e-01
-1.55298e+00  8.09448e-01
-1.52954e+00  7.97119e-01
-1.56030e+00  8.11035e-01
-1.56958e+00  8.12500e-01
-1.54248e+00  7.96631e-01
-1.56079e+00  8.12378e-01
-1.54810e+00  7.80029e-01
-1.54077e+00  7.95410e-01
-1.57642e+00  7.96387e-01
-1.54004e+00  7.92725e-01
-1.54858e+00  7.98462e-01
-1.54492e+00  8.02612e-01
-1.52222e+00  7.83447e-01
-1.53638e+00  7.63550e-01
-1.51099e+00  7.21191e-01
-1.49536e+00  7.34131e-01
-1.53052e+00  7.70874e-01
-1.55127e+00  7.96265e-01
-1.57031e+00  8.14941e-01
-1.57959e+00  8.19824e-01
-1.55664e+00  8.05786e-01
-1.56152e+00  8.08838e-01
-1.54395e+00  8.01636e-01
-1.53516e+00  7.91382e-01
-1.55591e+00  8.08594e-01
-1.53198e+00  7.76123e-01
-1.52759e+00  7.59155e-01
-1.58276e+00  8.06641e-01
-1.55103e+00  7.93579e-01
-1.53613e+00  7.76611e-01
-1.55127e+00  7.50610e-01
-1.51880e+00  7.31323e-01
-1.56641e+00  7.95166e-01
-1.57983e+00  7.91138e-01
-1.51465e+00  7.50000e-01
-1.51611e+00  7.75024e-01
-1.51270e+00  7.61475e-01
-1.53687e+00  7.51953e-01
-1.53711e+00  7.54395e-01
-1.56055e+00  7.72217e-01
-1.53076e+00  7.86621e-01
-1.53662e+00  7.96631e-01
-1.52197e+00  7.54395e-01
-1.54614e+00  7.88574e-01
-1.55103e+00  8.10425e-01
-1.51904e+00  7.91992e-01
-1.57812e+00  8.23120e-01
-1.56030e+00  8.05542e-01
-1.55322e+00  8.09814e-01
-1.53198e+00  7.77100e-01
-1.53906e+00  7.64038e-01
-1.54810e+00  7.97241e-01
-1.53345e+00  7.70874e-01
-1.52783e+00  7.67578e-01
-1.51831e+00  7.57935e-01
-1.53198e+00  7.57446e-01
-1.52539e+00  7.19971e-01
-1.53906e+00  7.56958e-01
-1.53833e+00  7.64771e-01
-1.55273e+00  7.83325e-01
-1.57373e+00  8.06396e-01
-1.61084e+00  8.28735e-01
-1.56616e+00  8.11401e-01
-1.55151e+00  7.84790e-01
-1.57812e+00  8.10913e-01
-1.54834e+00  7.89185e-01
-1.53638e+00  7.59033e-01
-1.54297e+00  7.96875e-01
-1.56787e+00  8.15552e-01
-1.57495e+00  8.26782e-01
-1.49707e+00  7.51709e-01
-1.51782e+00  7.50000e-01
-1.52661e+00  7.63672e-01
-1.54468e+00  7.89795e-01
-1.54053e+00  7.83447e-01
-1.56592e+00  8.22144e-01
-1.55225e+00  8.07495e-01
-1.57715e+00  8.16650e-01
-1.57666e+00  8.16650e-01
-1.52368e+00  7.76001e-01
-1.59692e+00  8.38257e-01
-1.56860e+00  8.28979e-01
-1.54932e+00  7.95898e-01
-1.53979e+00  7.84424e-01
-1.52881e+00  7.64648e-01
-1.58789e+00  8.15796e-01
-1.56104e+00  8.14331e-01
-1.54712e+00  7.79419e-01
-1.58398e+00  8.19702e-01
-1.54639e+00  8.01392e-01
-1.57715e+00  8.12378e-01
-1.53345e+00  7.99683e-01
-1.57520e+00  8.06641e-01
-1.57959e+00  8.21167e-01
-1.56079e+00  8.05786e-01
-1.54272e+00  7.69531e-01
-1.52344e+00  7.67212e-01
-1.55640e+00  8.03223e-01
-1.55029e+00  7.87720e-01
-1.51880e+00  7.65503e-01
-1.55249e+00  7.93091e-01
-1.53149e+00  7.81616e-01
-1.58228e+00  8.21411e-01
-1.55908e+00  8.11157e-01
-1.55981e+00  7.91016e-01
-1.55835e+00  8.01880e-01
-1.52222e+00  7.87231e-01
-1.53125e+00  7.81616e-01
-1.55176e+00  8.03345e-01
-1.55249e+00  7.91992e-01
-1.54053e+00  7.75757e-01
-1.53442e+00  7.84912e-01
-1.55420e+00  7.89429e-01
-1.53613e+00  7.86133e-01
-1.54126e+00  7.91382e-01
-1.60474e+00  8.17261e-01
-1.49756e+00  7.61475e-01
-1.50464e+00  7.39868e-01
-1.56055e+00  7.86377e-01
-1.53247e+00  7.71973e-01
-1.55200e+00  7.86621e-01
-1.52051e+00  7.68433e-01
-1.52539e+00  7.42676e-01
-1.54224e+00  7.71362e-01
-1.55908e+00  8.00415e-01
-1.57153e+00  8.20557e-01
-1.58179e+00  8.11890e-01
-1.54175e+00  7.93701e-01
-1.54517e+00  7.88208e-01
-1.53027e+00  7.81128e-01
-1.51733e+00  7.58911e-01
-1.52759e+00  7.73560e-01
-1.55713e+00  8.04932e-01
-1.52368e+00  7.66113e-01
-1.56274e+00  7.97974e-01
-1.54297e+00  7.87598e-01
-1.52954e+00  7.52930e-01
-1.52832e+00  7.57202e-01
-1.55542e+00  8.02124e-01
-1.54224e+00  7.82593e-01
-1.53613e+00  7.97729e-01
-1.55615e+00  7.94067e-01
-1.56299e+00  7.95532e-01
-1.54834e+00  7.94922e-01
-1.57007e+00  8.17749e-01
-1.55200e+00  7.94189e-01
-1.51953e+00  7.90405e-01
-1.56030e+00  7.84546e-01
-1.58179e+00  8.11523e-01
-1.53931e+00  7.70752e-01
-1.53052e+00  7.73682e-01
-1.55176e+00  7.86987e-01
-1.54663e+00  7.86133e-01
-1.53931e+00  7.86011e-01
-1.56494e+00  7.98340e-01
-1.56665e+00  8.06274e-01
-1.52612e+00  7.69531e-01
-1.56543e+00  7.98462e-01
-1.56885e+00  8.08960e-01
-1.57300e+00  8.24585e-01
-1.55908e+00  8.23242e-01
-1.54492e+00  7.94678e-01
-1.53418e+00  7.81860e-01
-1.56250e+00  7.97607e-01
-1.56104e+00  8.05298e-01
-1.53101e+00  7.56714e-01
-1.53687e+00  7.56836e-01
-1.50977e+00  7.39624e-01
-1.53467e+00  7.67456e-01
-1.54150e+00  7.76978e-01
-1.54443e+00  7.75269e-01
-1.56982e+00  8.12256e-01
-1.57764e+00  7.95410e-01
-1.59473e+00  8.30200e-01
-1.57202e+00  8.29834e-01
-1.61084e+00  8.49609e-01
-1.58130e+00  8.16284e-01
-1.53809e+00  7.89429e-01
-1.60205e+00  8.34839e-01
-1.57422e+00  8.26538e-01
-1.57617e+00  8.13721e-01
-1.55835e+00  8.07495e-01
-1.56689e+00  8.20312e-01
-1.53247e+00  7.85889e-01
-1.53149e+00  7.57690e-01
-1.54736e+00  7.86377e-01
-1.53931e+00  7.91260e-01
-1.55811e+00  7.81738e-01
-1.54297e+00  7.75635e-01
-1.55566e+00  7.95532e-01
-1.53809e+00  7.66357e-01
-1.53564e+00  7.92358e-01
-1.55493e+00  8.02979e-01
-1.55615e+00  7.98828e-01
-1.57275e+00  8.15796e-01
-1.54907e+00  7.86743e-01
-1.55762e+00  7.86499e-01
-1.53882e+00  8.01758e-01
-1.53516e+00  7.88086e-01
-1.57227e+00  8.15674e-01
-1.50195e+00  7.83203e-01
-1.54004e+00  8.04932e-01
-1.55835e+00  7.90771e-01
-1.57227e+00  8.04321e-01
-1.55957e+00  8.13477e-01
-1.55469e+00  7.86011e-01
-1.53784e+00  7.48413e-01
-1.52539e+00  7.53784e-01
-1.50024e+00  7.39014e-01
-1.57837e+00  8.20312e-01
-1.56592e+00  7.86011e-01
-1.54785e+00  7.79907e-01
-1.53369e+00  7.69409e-01
-1.53174e+00  7.84424e-01
-1.57861e+00  8.16895e-01
-1.53564e+00  7.91260e-01
-1.53809e+00  7.79663e-01
-1.54102e+00  7.70630e-01
-1.57764e+00  8.06641e-01
-1.53687e+00  7.70996e-01
-1.53809e+00  7.66846e-01
-1.55347e+00  7.76001e-01
-1.55396e+00  7.52930e-01
-1.54272e+00  7.31079e-01
-1.51660e+00  7.15454e-01
-1.52368e+00  7.46826e-01
-1.51978e+00  7.46460e-01
-1.53760e+00  7.74292e-01
-1.51245e+00  7.52075e-01
-1.51855e+00  7.46216e-01
-1.53247e+00  7.29004e-01
-1.54932e+00  7.46582e-01
-1.55469e+00  7.50488e-01
-1.52148e+00  7.38159e-01
-1.54297e+00  7.34863e-01
-1.53955e+00  7.27539e-01
-1.50317e+00  6.99219e-01
-1.52881e+00  7.13135e-01
-1.51978e+00  6.88721e-01
-1.52246e+00  6.98853e-01
-1.53174e+00  7.61841e-01
-1.54004e+00  7.70264e-01
-1.54614e+00  7.71973e-01
-1.53662e+00  7.59033e-01
-1.56885e+00  7.72705e-01
-1.53638e+00  7.80273e-01
-1.58667e+00  8.08960e-01
-1.56958e+00  8.08350e-01
-1.56299e+00  8.12988e-01
-1.57446e+00  8.27148e-01
-1.54077e+00  8.02734e-01
-1.57812e+00  8.23242e-01
-1.54199e+00  8.06152e-01
-1.54199e+00  8.04321e-01
-1.54810e+00  7.93945e-01
-1.56494e+00  8.15186e-01
