-3.036010742
0
-3.51633954
5.545861654e-07
2.831912994
3.086337586e-07
-2.48462677
-5.419087756e-07
2.145150423
8.380543477e-07
-1.803352475
-7.652890872e-07
1.479438901
6.45127443e-07
-1.192893863
-4.506503899e-07
0.9549846053
2.660631822e-07
-0.7674245238
-1.209157574e-07
0.6240005493
-0
-0.767424345
1.14210529e-07
0.9549846053
-2.796514025e-07
-1.192893863
4.683982695e-07
1.47943902
-5.938054528e-07
-1.803352475
7.652890872e-07
2.145150185
-7.225797845e-07
-2.48462677
4.452813585e-07
2.831912994
-9.122209832e-08
-3.51633954
-3.706649068e-06
-3.516335964
7.160601854e-07
3.109198809
9.432398542e-07
-2.737118721
-4.195430563e-07
2.421420097
5.868889161e-07
-2.093570232
-1.010023311e-06
1.760465384
8.442716535e-07
-1.444277406
-7.61652359e-07
1.16459465
5.469112807e-07
-0.9325950742
-3.319038342e-07
0.7500080466
1.901737505e-07
-0.6107660532
-5.300606531e-08
0.750007987
-5.123228064e-08
-0.9325950742
1.817943343e-07
1.16459465
-3.696243596e-07
-1.444277406
4.290858158e-07
1.760465384
-5.605422189e-07
-2.093569994
4.90824732e-07
2.421419859
-3.961714583e-07
-2.737118721
5.552717539e-07
3.109198809
1.7095972e-06
2.83191371
2.615057895e-07
-2.737118006
-8.703333521e-08
2.522962093
7.497517913e-07
-2.253078938
-1.07885694e-06
1.951200724
1.179669198e-06
-1.640597224
-1.011451559e-06
1.345380068
7.519844303e-07
-1.084665418
-6.239818617e-07
0.8691257834
4.499837303e-07
-0.7004303932
-2.894414877e-07
0.5728749633
1.132734866e-07
-0.7004303932
5.111529422e-09
0.8691257834
-1.036277197e-07
-1.084665418
1.948106814e-07
1.345380068
-2.363297398e-07
-1.640597224
3.679880365e-07
1.951200485
-3.22289111e-07
-2.253079176
1.319100278e-07
2.522961378
2.375694521e-07
-2.73711729
-7.462010672e-07
-2.484626532
-8.62290733e-07
2.421419859
1.071373049e-06
-2.253079176
-1.203827992e-06
2.017327309
1.285096232e-06
-1.745755434
-1.353052653e-06
1.465402603
1.188183546e-06
-1.19973135
-9.532628269e-07
0.9662584662
7.366467116e-07
-0.7745497823
-5.175894557e-07
0.6260100007
3.46514156e-07
-0.5153923631
-1.832553096e-07
0.6260099411
1.045473326e-07
-0.7745497227
5.307902035e-11
0.9662585258
-8.098206905e-08
-1.19973135
5.997431174e-08
1.465402603
-1.418643194e-07
-1.745755196
2.34199895e-08
2.017327309
5.458163344e-08
-2.253079414
-2.975237123e-07
2.421419859
9.445108162e-07
2.145150423
9.270899e-07
-2.093570471
-1.126889515e-06
1.951200485
1.335182446e-06
-1.745755434
-1.39527549e-06
1.506801248
1.431750889e-06
-1.26061976
-1.212523216e-06
1.028766155
9.998674386e-07
-0.8266244531
-7.93745869e-07
0.6623384953
5.708816957e-07
-0.5369201899
-4.045227229e-07
0.4456217885
2.253653122e-07
-0.5369201303
-1.59393025e-07
0.6623384356
1.055133794e-07
-0.8266243935
-3.492517919e-08
1.028766155
6.1602762e-08
-1.26061964
-2.47131382e-08
1.506801009
1.029030585e-07
-1.745755196
-2.896600506e-07
1.951200366
4.572687544e-07
-2.093570471
-8.630108823e-07
-1.803352714
-7.168465004e-07
1.760465741
9.110813721e-07
-1.640597343
-1.045507588e-06
1.465402961
1.171918598e-06
-1.26061976
-1.158515829e-06
1.050111175
1.008246386e-06
-0.8531185389
-8.546107324e-07
0.6829256415
6.69261226e-07
-0.5463243723
-5.083910537e-07
0.4439861178
3.463648568e-07
-0.3717221916
-1.923141184e-07
0.443986088
1.323291059e-07
-0.5463243723
-6.463145752e-08
0.6829255819
3.605188681e-08
-0.8531184793
-2.307991132e-08
1.050111175
-3.804969673e-09
-1.26061976
-5.451894936e-08
1.465402842
1.537558774e-07
-1.640597343
-3.738416012e-07
1.760465503
5.95241147e-07
1.479438782
5.669845109e-07
-1.444277406
-7.913363334e-07
1.345379949
9.041663134e-07
-1.199731469
-9.02216243e-07
1.028766036
9.084371868e-07
-0.85311836
-8.393105873e-07
0.6895099878
7.476987776e-07
-0.5493172407
-5.829546694e-07
0.4382307231
4.101108004e-07
-0.3567456305
-2.785486686e-07
0.3013070524
1.659321072e-07
-0.3567456007
-1.313256348e-07
0.4382306039
7.033486327e-08
-0.5493173003
-1.89605287e-09
0.6895099878
-2.63375135e-08
-0.85311836
2.320782322e-08
1.028765917
5.692277938e-08
-1.199731231
-1.445253162e-07
1.345380068
2.099832557e-07
-1.444277406
-3.754807949e-07
-1.192893863
-4.256707768e-07
1.16459465
5.867624964e-07
-1.084665418
-6.481552077e-07
0.9662585258
7.382772651e-07
-0.8266243935
-7.386600487e-07
0.6829255223
6.505761121e-07
-0.5493173003
-5.835004231e-07
0.4354770184
4.432795606e-07
-0.346262157
-3.452316832e-07
0.282171309
2.370232153e-07
-0.2403339148
-1.283917612e-07
0.2821712792
9.857567562e-08
-0.3462621272
-2.309841562e-08
0.4354770482
1.099021851e-08
-0.5493173599
1.831714158e-08
0.6829255223
-3.103883373e-08
-0.8266243935
-2.718411451e-08
0.9662584662
4.427591094e-08
-1.084665418
-1.945819719e-07
1.16459465
3.075357995e-07
0.9549846053
3.060907545e-07
-0.9325950742
-4.535865514e-07
0.869125843
5.031465662e-07
-0.7745497227
-5.430464398e-07
0.662338376
5.568007282e-07
-0.5463242531
-5.180869493e-07
0.4382306635
4.866286645e-07
-0.3462621868
-3.593881672e-07
0.2746841311
2.612985668e-07
-0.224144876
-1.748233274e-07
0.1924698204
9.929210876e-08
-0.2241448909
-7.738310615e-08
0.2746841311
9.120247668e-09
-0.3462621272
4.167777234e-08
0.4382306337
-6.765090177e-08
-0.5463242531
6.819170295e-08
0.6623383164
-2.220797057e-08
-0.7745497823
-8.316659361e-09
0.869125843
6.982173772e-08
-0.9325950742
-1.826131921e-07
-0.7674245238
-1.529793821e-07
0.7500080466
2.130338572e-07
-0.7004304528
-2.936335477e-07
0.6260100007
3.550165957e-07
-0.5369201899
-4.025297358e-07
0.443986088
3.531578443e-07
-0.3567456305
-3.028536355e-07
0.2821713388
2.443567553e-07
-0.224144876
-1.876667e-07
0.1835775226
1.460658865e-07
-0.1589738578
-6.585652557e-08
0.1835775226
2.462502025e-08
-0.224144876
1.379446513e-08
0.2821713388
-4.187165459e-08
-0.3567456603
5.278840831e-08
0.443986088
-8.986975075e-08
-0.5369201303
1.009046855e-07
0.6260100007
-6.253809914e-08
-0.7004304528
-2.97205438e-09
0.7500081658
9.23683956e-08
0.6240006089
-0
-0.6107660532
-6.523202245e-08
0.5728749633
1.253574311e-07
-0.5153924227
-1.799737674e-07
0.4456218183
2.145991687e-07
-0.3717221618
-1.878436962e-07
0.301307112
1.657046198e-07
-0.2403339148
-1.368228624e-07
0.19246988
8.754084035e-08
-0.1589739025
-5.987893559e-08
0.139004603
-0
-0.1589738876
4.28769944e-08
0.19246988
-8.488947856e-08
-0.2403339148
1.368228624e-07
0.3013071418
-1.494715036e-07
-0.3717221618
1.878436962e-07
0.4456217885
-1.955672388e-07
-0.5153924227
1.799737674e-07
0.5728749633
-1.295384351e-07
-0.6107661128
5.198392827e-08
-0.7674245238
1.503212985e-07
0.7500080466
-8.436528276e-08
-0.7004303932
5.187918095e-09
0.6260100007
6.273914721e-08
-0.5369201303
-1.356556396e-07
0.443986088
1.122243631e-07
-0.3567456901
-9.646478816e-08
0.2821713388
6.207960723e-08
-0.2241449207
-3.348698385e-08
0.1835775375
1.16350769e-08
-0.1589738727
4.824462962e-08
0.1835775673
-1.044375963e-07
-0.2241449207
1.64975404e-07
0.2821713388
-2.174592026e-07
-0.3567456901
2.591772272e-07
0.443986088
-3.308032035e-07
-0.5369201303
3.677787674e-07
0.6260100007
-3.451527846e-07
-0.7004303932
2.907338228e-07
0.7500080466
-1.944252972e-07
0.9549846053
-3.188363564e-07
-0.932594955
1.638051259e-07
0.869125843
-8.133730489e-08
-0.7745497823
6.670323849e-09
0.6623383164
4.67417749e-08
-0.5463242531
-6.758099858e-08
0.4382306039
9.469650308e-08
-0.3462621272
-4.475949922e-08
0.2746841311
-6.662116192e-09
-0.224144876
5.333992092e-08
0.1924698204
-9.630673503e-08
-0.224144876
1.513982255e-07
0.2746841311
-2.538279773e-07
-0.3462621868
3.583245984e-07
0.4382306635
-4.583051521e-07
-0.5463242531
5.18697675e-07
0.6623383164
-5.338643518e-07
-0.7745497227
5.501890428e-07
0.869125843
-5.113083716e-07
-0.9325950742
4.400893374e-07
-1.192893863
4.467638064e-07
1.16459465
-2.961047869e-07
-1.084665418
2.072051615e-07
0.9662584662
-5.898023048e-08
-0.8266243935
-9.72030012e-09
0.6829255223
3.030428886e-08
-0.5493173599
-4.653818308e-08
0.4354770482
2.492073659e-09
-0.3462621272
1.747506317e-08
0.282171309
-6.74207925e-08
-0.2403339148
1.236438862e-07
0.2821713388
-2.058683179e-07
-0.346262157
3.396083343e-07
0.4354770184
-4.342342379e-07
-0.5493173599
5.552794278e-07
0.6829255223
-6.513106996e-07
-0.8266243935
7.017555959e-07
0.9662585258
-7.604785992e-07
-1.084665418
6.607784258e-07
1.16459465
-5.753315122e-07
1.479438782
-5.262310765e-07
-1.444277406
3.415837853e-07
1.345379949
-1.5250167e-07
-1.199731231
8.699753806e-08
1.028766036
-1.872260214e-08
-0.8531183004
-5.40342775e-08
0.6895099878
5.872103515e-08
-0.5493172407
-4.378133056e-08
0.4382306337
-3.440392859e-08
-0.3567456305
1.065063202e-07
0.3013070524
-1.4610211e-07
-0.3567456603
2.511051207e-07
0.4382306635
-3.697252282e-07
-0.5493173003
5.371521183e-07
0.6895100474
-7.080313367e-07
-0.8531184196
7.94227617e-07
1.028766036
-8.552364079e-07
-1.19973135
8.352622558e-07
1.345380068
-8.252094972e-07
-1.444277406
7.422335671e-07
-1.803352714
7.168465004e-07
1.760465503
-5.027964676e-07
-1.640597343
3.733730409e-07
1.465402842
-1.529565736e-07
-1.26061976
-2.613089967e-09
1.050111175
3.804969673e-09
-0.8531184793
-1.576585618e-08
0.6829255819
-3.641913437e-08
-0.5463243723
6.478413894e-08
0.443986088
-1.101667664e-07
-0.3717221916
1.923141184e-07
0.4439861178
-3.243306708e-07
-0.5463243723
5.085437351e-07
0.6829256415
-6.696284345e-07
-0.8531185389
8.153194813e-07
1.050111175
-1.008246386e-06
-1.26061976
1.100720851e-06
1.465402961
-1.171119379e-06
-1.640597343
1.045038971e-06
1.760465741
-8.191593679e-07
2.145150423
-7.878359156e-07
-2.093570232
6.871555911e-07
1.951200366
-2.523833302e-07
-1.745755315
1.201813831e-07
1.506801009
-8.27799429e-09
-1.26061964
-4.501287165e-08
1.028766036
-1.664898086e-08
-0.8266243935
-7.172787697e-09
0.6623384356
-6.761421645e-08
-0.5369201303
1.457767524e-07
0.4456217885
-2.105504393e-07
-0.5369201303
3.893921985e-07
0.6623384953
-5.359662509e-07
-0.8266243935
7.486305549e-07
1.028766155
-9.583607152e-07
-1.26061976
1.164008154e-06
1.506801128
-1.358700956e-06
-1.745755434
1.25103486e-06
1.951200485
-1.183585823e-06
-2.093570232
9.724631127e-07
-2.484626532
7.474513382e-07
2.421419621
-5.078922527e-07
-2.253079414
2.627838853e-07
2.017327309
1.695579677e-08
-1.745755196
-1.423707374e-07
1.465402603
1.434629411e-07
-1.199731231
-1.260581115e-07
0.9662585258
5.070467779e-08
-0.7745497227
1.162980467e-08
0.6260099411
-1.043478832e-07
-0.5153923631
1.897455491e-07
0.6260099411
-3.463146925e-07
-0.7745497823
5.233159186e-07
0.9662584662
-7.594271665e-07
-1.19973135
9.258301361e-07
1.465402603
-1.186584996e-06
-1.745755315
1.303673571e-06
2.017327309
-1.189401928e-06
-2.253079176
1.135640105e-06
2.421419621
-6.347545991e-07
2.83191371
-5.757621935e-08
-2.737117052
-1.083574919e-08
2.522961617
3.097409618e-08
-2.253079414
-3.280316321e-07
1.951200843
4.636687265e-07
-1.640597224
-3.698622777e-07
1.345379949
2.635372027e-07
-1.084665418
-1.772822742e-07
0.869125843
1.03248766e-07
-0.7004303932
-8.718556543e-09
0.5728749633
-1.179811875e-07
-0.7004303336
2.858344601e-07
0.8691257834
-4.567571352e-07
-1.084665418
6.415102689e-07
1.345380068
-7.247769531e-07
-1.640597224
1.009577318e-06
1.951200485
-1.038289611e-06
-2.253078938
8.827353213e-07
2.522961855
-5.355612416e-07
-2.737118006
-6.700034305e-07
-3.516332626
-4.195939709e-06
3.10919714
3.080706392e-06
-2.737118244
-1.233474677e-06
2.421419621
7.35761887e-07
-2.093570232
-8.2494239e-07
1.760465384
6.516803523e-07
-1.444277406
-5.590953833e-07
1.16459465
3.853636485e-07
-0.9325951934
-2.072054315e-07
0.7500080466
9.383082045e-08
-0.6107660532
4.085107363e-08
0.7500080466
-1.687861015e-07
-0.9325951934
3.332510801e-07
1.16459465
-5.485649694e-07
-1.444277406
6.081388619e-07
1.760465384
-7.5313352e-07
-2.093569994
6.247499869e-07
2.421419621
-3.342630635e-07
-2.737118006
8.919879946e-08
3.10919714
2.977416898e-06
