-28.59552765
3.02610124e-06
-28.59552765
6.618657608e-06
-28.59552383
8.204142432e-06
-28.59552002
8.366937436e-06
-28.5955162
6.643173947e-06
-28.59550858
3.440509772e-06
-28.59550858
-1.812961386e-06
-28.59551239
-6.52600329e-06
-28.5955162
-8.835990229e-06
-28.59551811
-6.69064093e-06
-28.59551811
-1.923733407e-06
-28.59551811
2.445760401e-06
-28.5955162
6.513878361e-06
-28.59551048
7.668386388e-06
-28.59550285
6.725413186e-06
-28.59550095
4.868664746e-06
-28.59549713
-1.978938826e-07
-28.59549713
-3.361556537e-06
-28.59549713
-6.139315246e-06
-28.59549904
-6.319698969e-06
-28.59550095
-4.821504263e-06
-28.59550285
-1.37191148e-06
-28.59550285
2.811102149e-06
-28.59549904
7.059738437e-06
-28.59549141
9.106907783e-06
-28.59548759
7.404163171e-06
-28.59548569
3.401644562e-06
-28.59548378
-1.82499582e-06
-28.59548378
-5.91232174e-06
-28.59549332
-7.285189895e-06
-28.59549522
-6.770205346e-06
-28.59549522
-4.035023267e-06
-28.59549713
-1.096901883e-06
-28.59549332
2.85647161e-06
-28.59549332
5.69759095e-06
-28.5954895
6.840387869e-06
-28.59548569
6.26907331e-06
-28.59548187
3.556858701e-06
-28.59548569
-1.446346801e-06
-28.5954895
-6.921161457e-06
-28.59549332
-8.687127774e-06
-28.59550285
-6.241044048e-06
-28.59550667
-1.707301863e-06
-28.59550667
3.861621281e-06
-28.59550476
6.603701877e-06
-28.59550285
7.198974345e-06
-28.59549904
6.96965526e-06
-28.59549713
4.178444669e-06
-28.59549713
8.522205235e-07
-28.59550095
-4.255482509e-06
-28.59550476
-5.689236332e-06
-28.59551048
-6.004109764e-06
-28.5955162
-5.233330739e-06
-28.59551811
-2.006608611e-06
-28.59552193
2.054309789e-06
-28.59551811
6.376188594e-06
-28.59551811
9.389380466e-06
-28.59551048
7.812701369e-06
-28.59550858
2.964423174e-06
-28.59551048
-2.308974672e-06
-28.5955143
-5.031176897e-06
-28.59552002
-6.144090548e-06
-28.59552193
-3.722752353e-06
-28.59552574
-8.57577561e-07
-28.59554291
3.244620757e-06
-28.59554291
8.703961612e-06
-28.59554291
1.188075566e-05
-28.595541
1.237914694e-05
-28.595541
1.049625644e-05
-28.59553719
6.585107258e-06
-28.59553146
1.192855734e-06
-28.59553146
-3.6153574e-06
-28.59552574
-7.301872756e-06
-28.59551811
-8.018650988e-06
-28.5955162
-6.877766737e-06
-28.5955143
-4.891351182e-06
-28.5955143
-1.439115977e-06
-28.59551239
1.797105256e-06
-28.59551048
4.270649697e-06
-28.59551048
5.767272341e-06
-28.59550858
3.751126997e-06
-28.59550476
2.552202659e-06
-28.59550095
8.181509656e-07
-28.59549904
5.506867637e-07
-28.59549522
3.465106602e-07
-28.59549522
5.03622914e-07
-28.59549713
9.64046194e-08
-28.59549904
-2.765082172e-07
-28.59549713
-2.622630291e-07
-28.59550095
-1.350427738e-06
-28.59549713
-2.585221182e-06
-28.5954895
-3.61043044e-06
-28.59548569
-4.445186278e-06
-28.59547806
-3.869409738e-06
-28.59547043
-2.399845698e-06
-28.59546089
1.87078399e-07
-28.59545898
1.083742745e-06
-28.59545898
3.5232149e-06
-28.5954628
3.765372639e-06
-28.59547234
2.752151431e-06
-28.59547615
1.762664851e-06
-28.59548378
4.904720754e-07
-28.59549332
-1.536050377e-06
-28.59549713
-3.104546977e-06
-28.59549904
-2.976545375e-06
-28.59549904
-1.566432047e-06
-28.59550095
-4.798152986e-07
-28.59549904
1.058237103e-06
-28.59549904
5.646604677e-07
-28.59550095
-6.163355692e-07
-28.59550285
-1.188763576e-06
-28.59550667
-2.354046273e-06
-28.59550858
-2.906705276e-06
-28.59551239
-4.149278084e-06
-28.59551239
-1.735553724e-06
-28.5955143
1.333208729e-06
-28.5955143
4.05946821e-06
-28.59551811
7.004137842e-06
-28.59552002
8.00885573e-06
-28.59552193
7.80971186e-06
-28.59552765
6.61184913e-06
-28.59553146
2.537984074e-06
-28.59553528
-2.952582008e-06
-28.59553909
-7.488593837e-06
-28.59554291
-9.277388017e-06
-28.59554291
-9.835021956e-06
-28.59554291
-6.577703061e-06
-28.595541
-2.204407792e-06
-28.5955162
3.320185897e-06
-28.59551811
7.847444067e-06
-28.59551811
8.979071936e-06
-28.59552002
7.929977073e-06
-28.59552193
6.704929092e-06
-28.59552002
5.579596291e-06
-28.59552002
5.052350389e-06
-28.59552002
4.678663572e-06
-28.59552002
3.748639756e-06
-28.59552002
4.070895557e-06
-28.59552383
6.277666216e-06
-28.59552765
1.016012175e-05
-28.59552956
1.409449578e-05
-28.59552574
1.554677692e-05
-28.59552193
1.351970423e-05
-28.5955143
9.18713522e-06
-28.59551048
3.14368549e-06
-28.59550095
-1.154047823e-06
-28.59549904
-4.141026693e-06
-28.59549332
-4.828679721e-06
-28.5954895
-4.369635917e-06
-28.59548759
-2.934591294e-06
-28.59548378
-1.68570898e-06
-28.59548378
-1.203951228e-06
-28.59548569
-2.561882297e-07
-28.5954895
-7.35887113e-07
-28.59549332
-2.049608156e-06
-28.59549332
-3.789543143e-06
-28.5954895
-6.613363439e-06
-28.59549141
-7.78586309e-06
-28.59548759
-6.430717804e-06
-28.59548378
-2.782289585e-06
-28.59548569
6.215108215e-07
-28.59548378
5.23876588e-06
-28.59548759
7.025539162e-06
-28.59549332
5.445139777e-06
-28.59549522
2.854545073e-06
-28.59549713
-1.228756901e-07
-28.59549713
-3.498600563e-06
-28.59549332
-6.574552572e-06
-28.59548569
-8.789032108e-06
-28.5954895
-8.61578792e-06
-28.5954895
-6.471720553e-06
-28.59549332
-1.700701887e-06
-28.59549522
2.014241545e-06
-28.59549904
3.553823717e-06
-28.59550285
2.452285116e-06
-28.59550667
-7.33039542e-07
-28.5955143
-3.957851732e-06
-28.5955162
-7.268447916e-06
-28.59552193
-7.593281225e-06
-28.59552765
-7.516935057e-06
-28.59552765
-6.680567367e-06
-28.59552956
-3.97936401e-06
-28.59552574
-2.039354058e-06
-28.59552193
-2.22567337e-07
-28.59552002
1.46625257e-06
-28.59552002
9.250520066e-07
-28.59552002
-1.856438871e-06
-28.59552002
-5.645262263e-06
-28.59552002
-8.348418305e-06
-28.59551811
-9.834174307e-06
-28.5955143
-7.15621718e-06
-28.5955143
-2.072200232e-06
-28.59551811
-7.772151775e-07
-28.59552002
4.10631219e-06
-28.59552002
7.244825156e-06
-28.59551811
8.6650507e-06
-28.5955162
8.529010302e-06
-28.5955162
6.300273526e-06
-28.5955162
5.017828244e-06
-28.5955162
5.536319804e-06
-28.59552002
8.14253508e-06
-28.59551811
1.137870822e-05
-28.59552002
1.358055124e-05
-28.59552002
1.39343847e-05
-28.59552193
1.266681738e-05
-28.59552193
1.099542715e-05
-28.59552002
9.297702491e-06
-28.5955162
7.192245903e-06
-28.5955143
4.468820407e-06
-28.59551048
1.372630322e-06
-28.59550667
-1.1595057e-06
-28.59550667
-2.034442332e-06
-28.59550476
-6.862860573e-07
-28.59550095
2.457879418e-06
-28.59549904
6.067094546e-06
-28.59549332
7.604928669e-06
-28.59548569
7.504432688e-06
-28.59548569
4.419103789e-06
-28.59548187
2.191813451e-07
-28.59547997
-2.441011247e-06
-28.59547615
-4.857933618e-06
-28.59547615
-5.367177437e-06
-28.59547615
-4.137566066e-06
-28.59547806
-3.251875569e-06
-28.59547615
-2.389672318e-06
-28.59547424
7.375226687e-07
-28.59547424
3.500554612e-06
-28.59547615
3.55003931e-06
-28.59547806
2.461734084e-06
-28.59548187
-4.284981969e-07
-28.59548187
-4.517630714e-06
-28.59548569
-8.27733038e-06
-28.5954895
-1.06935131e-05
-28.59549522
-9.382387361e-06
-28.59550095
-5.631321983e-06
-28.59550476
-7.617113624e-07
-28.59550667
2.152543857e-06
-28.59550667
2.204038537e-06
-28.59550858
-7.797052604e-07
-28.59550858
-5.025038263e-06
-28.59551048
-9.029645298e-06
-28.5955143
-1.230492762e-05
-28.59551811
-1.231681017e-05
-28.59551811
-1.097146105e-05
-28.59552002
-7.666963938e-06
-28.59552002
-1.801279836e-06
-28.59552193
2.973421942e-06
-28.59552383
6.451154604e-06
-28.59552383
7.69410417e-06
-28.59552002
5.451967809e-06
-28.5955162
8.20502521e-07
-28.5955143
-4.096777047e-06
-28.5955143
-7.158736025e-06
-28.5955143
-8.53083111e-06
-28.5955143
-7.643028766e-06
-28.5955162
-4.465716302e-06
-28.59552956
4.9753653e-06
-28.59552765
6.821999705e-06
-28.59552383
6.955342542e-06
-28.59552193
6.404879059e-06
-28.59552193
6.331409168e-06
-28.59552002
5.125878033e-06
-28.59552002
4.485497357e-06
-28.59552383
2.908906481e-06
-28.59552383
2.190940904e-06
-28.59552765
2.712809419e-06
-28.59552765
5.815020359e-06
-28.59552765
9.854113159e-06
-28.59552574
1.221965067e-05
-28.59552383
1.219295427e-05
-28.59552193
1.04746232e-05
-28.5955162
7.879010809e-06
-28.59551239
6.717613815e-06
-28.59550858
6.118682904e-06
-28.59550285
6.333145393e-06
-28.59549904
5.903449164e-06
-28.59549904
5.064595825e-06
-28.59549332
4.057747446e-06
-28.5954895
4.21197683e-06
-28.59548759
5.173091722e-06
-28.59548187
6.866080184e-06
-28.59548187
7.006902706e-06
-28.59547806
4.326167982e-06
-28.59546852
1.202129397e-06
-28.595438
-2.756394224e-06
-28.5953846
-4.581288977e-06
-28.59531212
-3.994139661e-06
-28.59524727
-3.70111934e-06
-28.59522057
-3.518527819e-06
-28.59524536
-3.003429129e-06
-28.59531021
-2.631627694e-06
-28.5953846
-3.380183671e-06
-28.59544182
-4.75161869e-06
-28.59547043
-6.931347798e-06
-28.59548187
-8.56895349e-06
-28.59548569
-9.710711311e-06
-28.59548569
-1.103425075e-05
-28.59549332
-1.065250217e-05
-28.59549713
-8.643728506e-06
-28.59550095
-5.828376743e-06
-28.59550285
-2.831854545e-06
-28.59550476
-1.18976277e-06
-28.59550667
-2.382834737e-06
-28.59550858
-4.693833034e-06
-28.59551239
-7.580443253e-06
-28.5955162
-1.035942569e-05
-28.59552193
-1.116220756e-05
-28.59552193
-1.135995353e-05
-28.59552574
-1.052227708e-05
-28.59552765
-7.704928976e-06
-28.59552765
-5.35216941e-06
-28.59552956
-2.57155034e-06
-28.59552765
-3.945035587e-07
-28.59552383
-1.293763034e-07
-28.59552383
-1.656951895e-06
-28.59552193
-3.293054533e-06
-28.59552193
-3.210321211e-06
-28.59552193
-1.450693503e-06
-28.59552574
4.391579296e-07
-28.59552574
3.247424274e-06
-28.59552383
6.677746569e-06
-28.59552383
8.589639037e-06
-28.59552193
8.954438272e-06
-28.59552193
8.02782597e-06
-28.59552383
7.610861758e-06
-28.59552574
6.011593541e-06
-28.59552956
5.16820046e-06
-28.59553337
3.68546489e-06
-28.59553528
3.618360097e-06
-28.59553337
4.762104709e-06
-28.59552765
8.428729416e-06
-28.59552193
1.261986654e-05
-28.59552002
1.51471877e-05
-28.5955162
1.582068217e-05
-28.5955162
1.515675649e-05
-28.59550858
1.308344872e-05
-28.59550285
1.20052382e-05
-28.59549904
1.050869287e-05
-28.59549713
9.234685422e-06
-28.59549522
7.304448445e-06
-28.59549522
5.874901944e-06
-28.59549332
5.305912964e-06
-28.59549332
5.969341601e-06
-28.59549141
7.384358014e-06
-28.59548187
8.400088518e-06
-28.59546852
8.769196938e-06
-28.59541512
7.098580681e-06
-28.59526253
5.930898169e-06
-28.59489059
3.72700606e-06
-28.59420586
2.044681423e-06
-28.59326744
1.500583039e-06
-28.5924015
-4.04653747e-07
-28.59204483
-6.175114322e-07
-28.59240341
-2.766917078e-06
-28.59327126
-3.356710295e-06
-28.59420967
-3.943201591e-06
-28.59489822
-5.188515388e-06
-28.59527016
-8.225752936e-06
-28.59542274
-1.122397953e-05
-28.59547615
-1.390145553e-05
-28.5954895
-1.622395939e-05
-28.59549904
-1.662645263e-05
-28.59550095
-1.47769897e-05
-28.59550285
-1.269618951e-05
-28.59550476
-9.838587175e-06
-28.59550095
-7.980640476e-06
-28.59550095
-9.078092262e-06
-28.59550476
-1.070787039e-05
-28.59550667
-1.286573115e-05
-28.59551048
-1.451932076e-05
-28.5955162
-1.47911087e-05
-28.59551811
-1.491067997e-05
-28.59552193
-1.499589143e-05
-28.59552383
-1.399148368e-05
-28.59552765
-1.298717689e-05
-28.59553337
-1.085163603e-05
-28.59553528
-8.29290093e-06
-28.59553337
-5.664513537e-06
-28.59552956
-3.659804179e-06
-28.59552574
-1.890427029e-06
-28.59552383
-3.176046448e-07
-28.59552193
1.493594482e-06
-28.59552193
2.575196504e-06
-28.59552193
4.800819625e-06
-28.59550667
3.765686643e-06
-28.59550667
5.014569979e-06
-28.59550858
5.489011983e-06
-28.59551239
5.238599442e-06
-28.5955162
6.572622169e-06
-28.59552383
7.896722309e-06
-28.59552956
9.827668691e-06
-28.59553337
1.065706238e-05
-28.59553528
1.078893092e-05
-28.59553337
1.066513323e-05
-28.59552956
1.206266552e-05
-28.59552193
1.36232029e-05
-28.59551811
1.363602951e-05
-28.59551811
1.299727046e-05
-28.5955162
1.21257408e-05
-28.5955162
1.062279443e-05
-28.5955162
1.041675205e-05
-28.5955143
9.827803297e-06
-28.59551239
9.193707228e-06
-28.5955143
7.882420505e-06
-28.59550858
7.484852631e-06
-28.59550476
8.461802281e-06
-28.59549713
1.018436524e-05
-28.59548759
1.179606988e-05
-28.59545898
1.118504679e-05
-28.59532928
9.881772712e-06
-28.59482765
7.098946298e-06
-28.59327126
5.284814506e-06
-28.58951759
2.966137799e-06
-28.58259201
5.073445664e-07
-28.57314491
-5.516989177e-07
-28.5644207
-1.854404218e-06
-28.56081581
-1.795368689e-06
-28.5644207
-2.723145599e-06
-28.57314301
-4.149048891e-06
-28.5825882
-4.885284397e-06
-28.58951187
-5.921768661e-06
-28.59326935
-9.044733815e-06
-28.59482765
-1.233175499e-05
-28.59533501
-1.582136974e-05
-28.5954628
-1.877795876e-05
-28.59549141
-2.007993862e-05
-28.59550285
-1.828612949e-05
-28.59550667
-1.576689647e-05
-28.59551048
-1.190018611e-05
-28.5955143
-9.109080565e-06
-28.5955162
-9.641788893e-06
-28.5955162
-1.025570054e-05
-28.59552002
-1.127375072e-05
-28.59551811
-1.216817327e-05
-28.5955162
-1.303416866e-05
-28.59551811
-1.387467182e-05
-28.5955162
-1.414744293e-05
-28.59552383
-1.294115464e-05
-28.59553146
-1.070473445e-05
-28.59553337
-7.35937283e-06
-28.59553909
-3.732745427e-06
-28.59553528
-2.46374384e-07
-28.59553337
1.702615691e-06
-28.59552956
2.504047188e-06
-28.59552193
1.762277407e-06
-28.5955162
1.267093012e-06
-28.59551048
1.128825943e-06
-28.59550667
2.415598374e-06
-28.59552193
5.740222377e-07
-28.59552193
1.315681743e-06
-28.59552193
3.260562835e-06
-28.59552574
4.898170118e-06
-28.59552574
6.479222975e-06
-28.59552574
6.511128959e-06
-28.59552383
5.546169177e-06
-28.59552383
4.694034033e-06
-28.59552574
3.60931881e-06
-28.59552383
3.362010375e-06
-28.59552193
4.888115654e-06
-28.59552002
7.317031304e-06
-28.5955162
8.326447642e-06
-28.59550858
8.789279491e-06
-28.59550095
8.536125279e-06
-28.59549522
8.464638086e-06
-28.5954895
1.077604156e-05
-28.59548569
1.355899349e-05
-28.59548378
1.584558231e-05
-28.59548378
1.612293636e-05
-28.59548378
1.58599687e-05
-28.59548187
1.523575884e-05
-28.59547997
1.424844777e-05
-28.59544754
1.340935069e-05
-28.59523964
1.125810741e-05
-28.59420586
9.319097444e-06
-28.59013748
6.625660262e-06
-28.57756615
4.698386874e-06
-28.54729271
1.833868509e-06
-28.49147606
-1.125825065e-06
-28.41531372
-2.532209692e-06
-28.34496307
-3.750496262e-06
-28.3158741
-3.254112471e-06
-28.34496498
-2.988192591e-06
-28.41531563
-5.043458259e-06
-28.49147987
-7.449304576e-06
-28.54730034
-9.15302644e-06
-28.57757759
-1.067363519e-05
-28.59015274
-1.193289245e-05
-28.59422302
-1.313148005e-05
-28.5952549
-1.469693962e-05
-28.5954628
-1.678455192e-05
-28.59549522
-1.698955566e-05
-28.59550095
-1.667835386e-05
-28.59550095
-1.464358502e-05
-28.59550095
-1.221038747e-05
-28.59550095
-1.10937699e-05
-28.59550285
-9.568944733e-06
-28.59550858
-9.325624887e-06
-28.59551239
-9.984841199e-06
-28.59552193
-1.047731803e-05
-28.59552574
-9.402753676e-06
-28.59552956
-6.663135537e-06
-28.59553528
-2.559952918e-06
-28.59553719
2.238111847e-06
-28.59553528
6.063078217e-06
-28.59553337
8.469873137e-06
-28.59552956
9.862102161e-06
-28.59552383
1.0374868e-05
-28.59551811
1.070229428e-05
-28.5955143
8.845630873e-06
-28.5955143
6.237494745e-06
-28.59551239
3.481926797e-06
-28.5955162
1.475575345e-06
-28.59549713
4.766616257e-06
-28.59549522
4.334509867e-06
-28.59549904
4.609187272e-06
-28.59550095
4.898217867e-06
-28.59550667
5.595954462e-06
-28.5955143
6.700941412e-06
-28.5955162
7.459108019e-06
-28.5955143
9.263043466e-06
-28.5955143
9.975123248e-06
-28.59551048
1.066078494e-05
-28.59550858
1.13555916e-05
-28.59550667
1.243210136e-05
-28.59550285
1.181734297e-05
-28.59550667
1.111973961e-05
-28.59551048
9.543947272e-06
-28.59551048
8.217495633e-06
-28.59551239
8.937264283e-06
-28.59551048
1.034695379e-05
-28.59551048
1.192239779e-05
-28.59550667
1.157580118e-05
-28.59550476
1.126212101e-05
-28.59550476
1.076150784e-05
-28.59547806
1.077461638e-05
-28.59526443
1.125979907e-05
-28.59391594
1.014040754e-05
-28.58720398
7.820674e-06
-28.5608387
4.105528205e-06
-28.47940636
1.504532975e-06
-28.28342056
-7.483538411e-08
-27.9221096
-1.761772182e-06
-27.42913246
-2.531292012e-06
-26.97378159
-4.450746928e-06
-26.78546143
-5.573584531e-06
-26.97378349
-5.191406672e-06
-27.42913628
-7.357376489e-06
-27.92211533
-1.035684545e-05
-28.28342628
-1.233759303e-05
-28.47941399
-1.42202889e-05
-28.56084824
-1.620393596e-05
-28.58721352
-1.782726758e-05
-28.59392357
-1.926771256e-05
-28.59527397
-2.019498788e-05
-28.5954895
-1.866481762e-05
-28.5955143
-1.630151201e-05
-28.5955143
-1.341808093e-05
-28.5955143
-1.091252398e-05
-28.59551811
-9.86467694e-06
-28.59551811
-8.894125131e-06
-28.59552002
-8.646105925e-06
-28.59551811
-8.607323252e-06
-28.5955143
-8.343181435e-06
-28.59551048
-7.736103726e-06
-28.59550858
-7.483539775e-06
-28.59551239
-7.224193723e-06
-28.5955162
-5.63156209e-06
-28.59552002
-3.790374194e-06
-28.59552193
-1.372789029e-06
-28.59552383
4.07308562e-07
-28.59552193
1.757871587e-06
-28.59551811
3.179322903e-06
-28.59550858
3.540491889e-06
-28.59550285
4.524537871e-06
-28.59549904
5.660181159e-06
-28.59549713
5.591127774e-06
-28.59550476
-2.470949767e-06
-28.59550476
-3.26640702e-06
-28.59550476
-2.393302111e-06
-28.59550476
3.081158866e-07
-28.59550667
3.339082014e-06
-28.59550858
5.431723366e-06
-28.59550858
4.293083293e-06
-28.59551048
3.554853265e-06
-28.59551048
2.823247996e-06
-28.59551239
3.428623131e-06
-28.5955143
4.520848051e-06
-28.59551048
6.599490462e-06
-28.59550667
6.412944458e-06
-28.59550095
4.612038538e-06
-28.59549904
1.098165285e-06
-28.59549332
-1.149543095e-06
-28.59548759
1.171299118e-06
-28.59548569
5.812125437e-06
-28.59548187
1.128782606e-05
-28.59547997
1.358132522e-05
-28.59548187
1.36953895e-05
-28.59547234
1.174981571e-05
-28.59533501
9.12105952e-06
-28.5942173
7.727177945e-06
-28.58719635
6.662705346e-06
-28.55231857
6.795754871e-06
-28.41533279
6.033607406e-06
-27.99217796
5.008036624e-06
-26.97377396
3.936308531e-06
-25.0962677
1.97138047e-06
-22.53456879
8.453871487e-07
-20.16838455
-5.60607532e-07
-19.18977737
-1.349802005e-06
-20.16838837
9.208191614e-07
-22.53457642
-1.284161044e-08
-25.09627533
-4.02067144e-06
-26.97378349
-6.704300631e-06
-27.9921875
-8.634972801e-06
-28.41534805
-1.025045003e-05
-28.55233574
-1.277681986e-05
-28.58721352
-1.561680801e-05
-28.59423828
-1.805306965e-05
-28.59535408
-1.692135629e-05
-28.59549141
-1.422105197e-05
-28.59549904
-1.162590615e-05
-28.59549713
-9.886476619e-06
-28.59549904
-8.848490324e-06
-28.59550095
-7.555863704e-06
-28.59550285
-6.458095413e-06
-28.59550858
-5.63196636e-06
-28.59551239
-3.970962553e-06
-28.5955143
-2.154301001e-06
-28.59552002
-1.32498144e-06
-28.59552574
-1.243996849e-06
-28.59552956
-5.348929335e-07
-28.59552956
-7.366811587e-07
-28.59552765
-8.596155112e-07
-28.59552383
-1.393041657e-06
-28.59552002
1.625326149e-07
-28.5955143
2.390772806e-06
-28.59551239
3.606123528e-06
-28.59550858
3.602226798e-06
-28.59550858
2.982489605e-06
-28.59550858
2.203400982e-07
-28.59549522
7.667477803e-06
-28.59549141
7.521525276e-06
-28.59549141
7.903646292e-06
-28.59549332
1.000544944e-05
-28.59549522
1.178290222e-05
-28.59550285
1.271695874e-05
-28.59550858
1.164602418e-05
-28.59551048
1.132398029e-05
-28.59551239
1.103564136e-05
-28.59551239
1.138627704e-05
-28.59551048
1.259367946e-05
-28.59550667
1.230530688e-05
-28.59550095
1.063782838e-05
-28.59550285
9.293534276e-06
-28.59550476
8.500634976e-06
-28.59550667
9.214662896e-06
-28.59551048
1.214212534e-05
-28.59551048
1.380608956e-05
-28.59550858
1.333511955e-05
-28.59550285
1.110813537e-05
-28.59549522
8.385436558e-06
-28.595438
6.935308193e-06
-28.59484673
6.639234016e-06
-28.59015846
6.078771548e-06
-28.56084633
4.615620128e-06
-28.41534233
4.515985438e-06
-27.84392166
2.07468247e-06
-26.07880592
-2.168642368e-07
-21.83076096
-2.289601071e-06
-13.99918175
-4.613692909e-06
-3.313650131
-6.933109489e-06
6.556348801
-1.124973187e-05
10.63838387
-1.682293805e-05
6.556352615
-1.731126031e-05
-3.313642502
-1.824789069e-05
-13.99917889
-1.97372683e-05
-21.83075905
-1.956914093e-05
-26.07880974
-1.827745655e-05
-27.84392929
-1.887155304e-05
-28.41535378
-1.823992352e-05
-28.56086349
-1.689610508e-05
-28.59017944
-1.862225872e-05
-28.5948658
-1.714093014e-05
-28.59545708
-1.568019979e-05
-28.59551239
-1.53246292e-05
-28.59551811
-1.430870088e-05
-28.59552002
-1.1055502e-05
-28.59552193
-7.644076504e-06
-28.59551811
-5.024012353e-06
-28.5955143
-5.267396318e-06
-28.59550858
-4.784692464e-06
-28.59549904
-4.15065324e-06
-28.59549904
-2.820236432e-06
-28.59549904
-1.528551365e-06
-28.59550667
4.403511866e-07
-28.59551048
3.567256499e-07
-28.5955143
2.875356358e-06
-28.5955143
3.506821031e-06
-28.5955162
4.822159099e-06
-28.59551048
6.855551874e-06
-28.59550476
8.570055797e-06
-28.59550285
1.020815216e-05
-28.59549904
1.018969488e-05
-28.59549904
9.631469766e-06
-28.59548569
7.025928426e-06
-28.59548378
8.120933671e-06
-28.59548569
8.167076885e-06
-28.59549332
9.628740372e-06
-28.59549713
1.052076095e-05
-28.59550095
1.342602627e-05
-28.59550667
1.383331619e-05
-28.59550667
1.398529275e-05
-28.5955143
1.633028296e-05
-28.5955162
1.337852882e-05
-28.5955162
1.169858115e-05
-28.59550667
1.111353413e-05
-28.59549904
8.05766922e-06
-28.5954895
4.746498234e-06
-28.59548569
1.363246156e-07
-28.59548378
-4.787928901e-06
-28.59548569
7.052107776e-06
-28.5954895
6.336519618e-06
-28.59549332
7.705140888e-06
-28.59549522
7.423368515e-06
-28.59548187
6.467645107e-06
-28.59528351
4.842957424e-06
-28.59328461
5.727084044e-06
-28.5775795
9.216921171e-06
-28.47941589
2.942950232e-06
-27.99218559
1.726563141e-06
-26.07881355
2.601638244e-06
-20.16841888
2.533738098e-06
-5.944067001
3.286624178e-06
20.27954292
2.882104354e-06
56.05945587
1.256307314e-06
89.10857391
7.647931852e-07
102.7770233
-8.096765669e-06
89.10858154
-1.291205535e-05
56.05945969
-1.671786231e-05
20.27954483
-1.957753557e-05
-5.944072723
-2.142732774e-05
-20.1684227
-1.804522617e-05
-26.07881737
-1.859161057e-05
-27.99219322
-1.8439634e-05
-28.47942924
-1.593862544e-05
-28.57759476
-1.636634988e-05
-28.59329987
-1.607624472e-05
-28.59529686
-1.737773891e-05
-28.59549522
-1.419586533e-05
-28.59550858
-1.548398905e-05
-28.59550858
-1.200196675e-05
-28.59550667
-7.485327387e-06
-28.59550095
-8.206681741e-06
-28.59550095
-1.292874686e-06
-28.59550095
7.574681149e-08
-28.59549904
1.701322617e-06
-28.59550858
-2.080751074e-07
-28.59551239
-1.832762905e-06
-28.59552002
-2.855984803e-06
-28.59552383
-6.041867891e-06
-28.59552765
-2.55129271e-06
-28.59552193
-8.996866541e-07
-28.5955143
6.500918062e-07
-28.59550476
2.646149824e-06
-28.59549904
5.833967862e-06
-28.59549522
7.361240023e-06
-28.59549713
1.060069917e-05
-28.59549522
1.068459915e-05
-28.5954895
7.350089618e-06
-28.59547424
7.738441127e-06
-28.59548187
4.984884981e-06
-28.59549332
9.318617231e-06
-28.59549332
1.186015015e-05
-28.59549332
6.838504305e-06
-28.59549713
1.124337268e-05
-28.59549522
4.707347216e-06
-28.59550476
1.488758335e-05
-28.59551239
1.18002481e-05
-28.59550667
1.284931204e-05
-28.59549904
1.208946833e-05
-28.59550858
6.076144018e-06
-28.59549713
6.312988262e-06
-28.59549713
-2.485719961e-06
-28.59551048
-1.367821369e-05
-28.59550095
1.662405339e-05
-28.59550095
1.772221913e-05
-28.59549713
2.179339572e-05
-28.59549522
1.098754728e-05
-28.59545135
1.329066163e-05
-28.59490967
7.792178621e-06
-28.58953476
1.124337268e-05
-28.54730988
1.805878856e-05
-28.28342247
-3.434014843e-06
-26.97378349
8.88832119e-09
-21.83077049
-2.319127816e-06
-5.944078445
-8.555864497e-07
32.28989029
-2.162841383e-06
102.7769623
2.120871613e-06
198.9506531
-2.19890353e-07
287.7841797
8.47579031e-07
324.5239258
-1.306355898e-05
287.7841797
-1.503053318e-05
198.9506531
-1.504227566e-05
102.7769623
-1.976844942e-05
32.28988266
-1.579640411e-05
-5.944088936
-1.986437564e-05
-21.83077621
-1.545950727e-05
-26.97378349
-1.436613911e-05
-28.28343582
-6.591681995e-06
-28.54732132
-1.079040157e-05
-28.5895443
-1.850793342e-05
-28.59492302
-1.421016987e-05
-28.5954628
-1.954914114e-05
-28.59551239
-1.79635972e-05
-28.59551239
-1.867010906e-05
-28.5955143
-8.283416719e-06
-28.59550858
-1.389352474e-05
-28.59550858
-1.2795359e-05
-28.59551239
-1.094788786e-06
-28.59550667
-4.271241778e-06
-28.59551239
-1.968127435e-06
-28.59550476
-5.559261808e-06
-28.59550476
-7.830113645e-06
-28.59550095
-1.245879048e-05
-28.59551048
-3.528872867e-06
-28.59551811
1.000958719e-06
-28.59550667
-3.33949356e-06
-28.59549522
6.364279216e-06
-28.5954895
7.763331269e-06
-28.5954895
1.86534453e-05
-28.59549713
2.150256842e-05
-28.59550476
2.350359864e-05
-28.59545898
1.142723249e-05
-28.59552002
2.049298018e-05
-28.5954895
1.278231412e-05
-28.59549713
1.977525062e-05
-28.59549713
1.494040407e-05
-28.59547997
1.016111582e-05
-28.59548378
7.179477507e-06
-28.59547424
-1.490047907e-06
-28.59549713
3.463047324e-05
-28.59548569
1.271316978e-05
-28.59550095
1.358360987e-05
-28.5954895
9.598102224e-06
-28.5954895
1.656738732e-06
-28.59548378
-8.62028719e-06
-28.59546089
-1.838077151e-05
-28.5954628
-3.59078731e-05
-28.59549904
9.201000466e-06
-28.59552002
-9.845784007e-06
-28.59548569
6.821849638e-06
-28.59549332
-5.973955922e-06
-28.59538651
-1.272058853e-06
-28.59421349
2.531721293e-06
-28.58260536
3.364780241e-06
-28.49148941
2.521283386e-05
-27.92211533
-1.113982489e-05
-25.09627533
-1.581428251e-07
-13.99919701
-1.016825809e-05
20.27952957
-1.398925906e-05
102.7769775
-6.840947663e-06
254.8669739
4.841763712e-06
462.3809204
8.974390767e-06
654.0570068
1.059321221e-06
733.3304443
-1.200951647e-05
654.0570679
-1.610427171e-05
462.3809509
-5.337497896e-06
254.8669739
-5.020281606e-06
102.7769699
-9.855128155e-06
20.27952003
-5.097673238e-06
-13.99920845
-8.079311556e-06
-25.09628296
-2.437823059e-05
-27.92213058
-2.202230462e-06
-28.4914856
-1.097320637e-05
-28.58262253
-1.339027312e-05
-28.59422302
-9.28370082e-06
-28.59540176
-1.183025051e-05
-28.59551048
-1.401508416e-05
-28.59550285
-1.838077151e-05
-28.5955162
-3.539094905e-06
-28.59551048
-2.131657675e-05
-28.59552002
-9.845784007e-06
-28.59549332
-8.436939424e-06
-28.59550095
-5.973955922e-06
-28.59549713
-8.901453839e-06
-28.59548759
-1.272706777e-05
-28.59549904
-1.952340244e-05
-28.59547043
-2.056353333e-05
-28.59550476
-1.746708404e-05
-28.59550095
1.898106689e-06
-28.59549141
-4.897193776e-06
-28.59548569
-9.551285984e-07
-28.5954895
1.192622403e-05
-28.59549713
1.639188304e-05
-28.59552002
3.580321936e-05
-28.59555054
5.307300307e-05
-28.59552002
7.557036042e-06
-28.59552002
1.121941204e-05
-28.59552002
9.576614502e-06
-28.59552002
2.401833444e-05
-28.59548187
6.125175787e-06
-28.59546661
1.808631168e-05
-28.59545898
-8.066359442e-06
-28.59544563
-4.247376637e-07
-28.59552574
1.178344974e-05
-28.59551048
3.594924692e-06
-28.59547997
2.381257582e-05
-28.59550476
-5.258364581e-06
-28.59548569
1.231001897e-05
-28.59548187
-1.891638385e-05
-28.59547806
-4.800705938e-05
-28.59550858
-3.801702042e-05
-28.59548378
1.511244591e-06
-28.59547234
5.676180081e-06
-28.59550476
1.959019573e-05
-28.5954628
1.924996286e-05
-28.59529495
-1.504218744e-06
-28.59326172
1.808631168e-05
-28.57315826
1.482182324e-05
-28.4153347
3.772223499e-05
-27.42912102
-5.219062132e-06
-22.5345993
-5.849463832e-06
-3.313666344
-1.202629937e-05
56.05941391
-5.038270501e-06
198.9506226
5.455186511e-06
462.3809204
-1.641751078e-05
821.8093262
-5.10785685e-06
1153.80542
-1.440948108e-05
1291.112305
-2.653588308e-05
1153.80542
-2.275523548e-05
821.8093872
-1.99872884e-05
462.3809204
-8.406592315e-06
198.950592
-2.439240234e-05
56.05940247
-2.006066097e-05
-3.313673973
-3.858393757e-05
-22.53457832
-3.094231579e-05
-27.42914009
-5.217937996e-06
-28.41534233
-5.845884061e-06
-28.5731678
-7.882262253e-06
-28.59326935
-2.414016126e-05
-28.59531784
-3.874368304e-06
-28.59548187
-1.891638385e-05
-28.59550095
1.673049701e-05
-28.59553146
-1.643783253e-05
-28.59549522
1.511244591e-06
-28.59550667
5.676180081e-06
-28.59553528
-1.09273833e-05
-28.59550095
3.991173799e-06
-28.59550095
-9.133613275e-06
-28.59549713
1.045691715e-05
-28.59546661
-4.3696582e-07
-28.59544945
-8.054131285e-06
-28.59552956
1.178457387e-05
-28.59547806
3.598504463e-06
-28.59547424
-2.560964276e-06
-28.5954628
-9.101465366e-06
-28.59548187
1.823925413e-05
-28.59550476
3.199050479e-05
-28.59555054
6.824504817e-05
-28.59558105
7.487238327e-05
-28.59558105
1.750756564e-05
-28.59545898
3.6011661e-05
-28.59545898
2.558425513e-05
-28.59552002
4.680408165e-05
-28.59550476
2.384906657e-05
-28.59548569
2.414901974e-05
-28.59545517
-8.509601685e-06
-28.59541702
-2.757287075e-05
-28.5955143
8.614232684e-06
-28.59545898
3.01783075e-05
-28.59546471
-6.679297258e-06
-28.59547424
9.445628166e-06
-28.59547234
-9.693156244e-06
-28.59549332
-2.97980223e-05
-28.59549904
-5.365644029e-05
-28.59546852
-5.526530003e-05
-28.5955162
-4.325096597e-06
-28.59554863
9.045243132e-07
-28.59553528
1.008704749e-05
-28.59549713
-3.740657121e-06
-28.59527779
-4.761163382e-06
-28.59241104
8.890230674e-06
-28.56445694
3.726676368e-05
-28.34498215
6.397986726e-05
-26.97374344
-1.052732932e-05
-20.16838837
-2.64047103e-05
6.556325912
-2.287168172e-05
89.10852814
-4.267902841e-05
287.7841797
-2.911336196e-05
654.0570068
-4.306451046e-06
1153.80542
-1.723505738e-05
1615.412109
4.64696277e-05
1806.323364
-2.671739639e-05
1615.412109
-3.420261055e-05
1153.80542
-1.876160059e-05
654.0569458
-4.694331437e-06
287.7841187
-1.811260336e-05
89.10848999
-2.162734745e-05
6.556324005
-2.376839075e-05
-20.16838455
-5.809044887e-05
-26.97376823
-1.052397329e-05
-28.34500885
-1.736103513e-05
-28.56447792
-2.218926238e-05
-28.59242249
-1.213352698e-05
-28.59528542
-1.508795503e-05
-28.5955162
-8.218837138e-06
-28.595541
-1.049806633e-05
-28.59551048
-1.210692608e-05
-28.59552383
-4.325096597e-06
-28.59555244
9.045243132e-07
-28.59550476
1.008704749e-05
-28.59551239
-3.740657121e-06
-28.59547997
1.049762614e-05
-28.5954628
-6.368558388e-06
-28.59544754
-8.509601685e-06
-28.59537888
-2.757287075e-05
-28.59552383
8.617588719e-06
-28.5954895
-2.181317723e-05
-28.59547997
-5.996876098e-06
-28.59549713
-2.104402665e-05
-28.59550476
4.332250683e-06
-28.59555054
8.251260624e-06
-28.59552002
5.417002831e-05
-28.59564209
4.113022442e-05
-28.59558105
1.123754009e-05
-28.59558105
3.744985224e-05
-28.59558105
2.096825119e-05
-28.59545898
1.211933159e-05
-28.59545898
1.485175835e-05
-28.59544373
1.201445502e-05
-28.59540176
-1.646346573e-05
-28.59536171
-4.156422801e-05
-28.59552765
2.566918374e-05
-28.59543228
-6.519569524e-07
-28.59544754
-1.495480319e-05
-28.59547806
-1.652443757e-06
-28.59550095
-1.073382646e-05
-28.59547424
-4.802100375e-05
-28.59545898
-7.133856707e-05
-28.5953846
-7.181145338e-05
-28.59545135
2.937577165e-06
-28.59547997
5.545762178e-07
-28.5954628
4.647903916e-05
-28.59545708
-8.861503375e-06
-28.5951767
-4.221727977e-06
-28.59202576
5.703632269e-07
-28.56084061
2.168350693e-05
-28.31589317
4.998850636e-05
-26.78540993
-1.977336797e-05
-19.18980598
-4.923143933e-06
10.63835812
-2.094776573e-05
102.7769775
-1.396482003e-05
324.5238953
-3.770570402e-06
733.3304443
-1.485931352e-05
1291.112305
1.858643373e-06
1806.323242
2.330019925e-06
2019.404175
-3.124176874e-05
1806.323364
-2.918814062e-05
1291.112427
-2.719230179e-05
733.3303223
-1.458354927e-05
324.5238647
-2.329521521e-05
102.7769623
-1.850312401e-05
10.63833332
-3.172225479e-05
-19.18981361
-1.104664807e-05
-26.78543472
1.073341446e-05
-28.31590652
-4.870566045e-06
-28.56084061
5.560741556e-07
-28.59204483
-4.349824849e-06
-28.5952034
-5.339024028e-06
-28.59547424
-4.862631613e-06
-28.59545898
1.497817357e-05
-28.59547234
1.450528907e-05
-28.59546661
2.937577165e-06
-28.59549904
5.545762178e-07
-28.5955162
-1.455611709e-05
-28.59549141
2.165607475e-05
-28.59551239
1.103706109e-05
-28.59547424
-7.059031304e-06
-28.59543228
-8.834072105e-06
-28.59534264
-4.156422801e-05
-28.59552956
-4.859191449e-06
-28.59544945
-5.993790637e-07
-28.59541321
6.549035788e-06
-28.59547043
7.962551535e-06
-28.59545898
1.821529804e-05
-28.59555054
7.641660341e-05
-28.59552002
8.673945558e-05
-28.59564209
9.485904593e-05
-28.59558105
1.043840257e-05
-28.59539795
3.080644092e-05
-28.59545898
1.940424772e-05
-28.5954895
4.034716403e-05
-28.5954895
1.695491665e-05
-28.59547043
2.913619574e-05
-28.59543991
-2.065007357e-05
-28.59541893
-2.44930452e-05
-28.59548569
8.539688679e-06
-28.595438
1.850468834e-05
-28.59544945
3.056890819e-06
-28.59545135
1.735860678e-06
-28.59546089
-2.908617716e-06
-28.59547424
-2.543727169e-05
-28.59545708
-5.36983207e-05
-28.59544563
-6.363187276e-05
-28.59548378
4.187649211e-06
-28.5955143
1.399793291e-05
-28.59550285
5.57597059e-06
-28.59547615
7.922239092e-06
-28.5952549
-2.112208222e-07
-28.5923996
2.433314876e-06
-28.56443405
3.275568815e-05
-28.34496498
8.231848187e-05
-26.97371483
-6.191130524e-06
-20.16838074
-2.990475332e-05
6.556341171
-1.077527122e-05
89.10853577
-2.513045911e-05
287.7841797
-1.469942981e-05
654.0570068
-7.247844223e-06
1153.80542
1.509184222e-05
1615.411987
-3.741708497e-06
1806.323364
-3.26112422e-05
1615.412109
-4.286490002e-05
1153.80542
-2.160374788e-05
654.0570068
-9.243898603e-06
287.7841492
-1.737735874e-05
89.10852051
-1.664017145e-05
6.556339264
-2.065007357e-05
-20.16835594
-5.501062333e-05
-26.97373581
-6.187774488e-06
-28.34500694
4.722378435e-07
-28.56446266
-1.043002521e-05
-28.59240723
1.735897968e-06
-28.59527397
2.486176072e-06
-28.59550476
6.931507414e-06
-28.59552193
1.103923569e-05
-28.59553337
2.268487515e-05
-28.59549522
4.187649211e-06
-28.59552574
1.399793291e-05
-28.59547615
5.57597059e-06
-28.59550285
-2.259533903e-05
-28.59546471
-2.112208222e-07
-28.59545135
-2.045486872e-05
-28.59543991
-1.302067903e-05
-28.59536171
-3.975183427e-05
-28.59549141
8.543044714e-06
-28.59545898
-1.215347675e-05
-28.59546471
3.402137281e-06
-28.59548187
-1.915359462e-06
-28.59547424
1.427698771e-05
-28.5954895
2.688905442e-05
-28.59552002
4.333855031e-05
-28.59558105
7.723562885e-05
-28.59552002
8.684744898e-06
-28.59552002
2.238893285e-05
-28.59552002
5.075172794e-06
-28.5954895
3.118669702e-05
-28.5954895
9.564428183e-06
-28.59545135
1.193254411e-05
-28.59545135
-4.084540706e-07
-28.595438
-8.038325177e-06
-28.59552765
7.942950106e-06
-28.59549904
-2.056717676e-05
-28.59548759
2.080619743e-05
-28.59551048
-6.148312423e-06
-28.59549522
4.632431683e-06
-28.59548569
-1.940672519e-05
-28.5954895
-3.742737317e-05
-28.59544754
-3.806081804e-05
-28.59548378
2.805434178e-06
-28.59544754
7.36856191e-06
-28.59548569
4.598335636e-06
-28.59545135
8.77535058e-06
-28.59528923
3.842382739e-06
-28.59325409
2.719133408e-05
-28.57315826
1.485033499e-05
-28.41531944
5.299683107e-05
-27.4291172
-4.745607839e-06
-22.53458405
1.129560587e-05
-3.313637733
-9.150801816e-06
56.05944824
-1.949120451e-05
198.9506378
8.567190889e-06
462.3809204
-1.881520075e-05
821.8093262
-4.840927431e-06
1153.80542
-1.433407124e-05
1291.112305
-2.031379154e-05
1153.80542
-2.314901576e-05
821.8093872
-1.590566171e-05
462.3809509
-9.82129859e-06
198.9506226
-2.476784721e-05
56.05942535
-3.326244951e-06
-3.313651085
-3.09260322e-05
-22.53457069
-5.381469236e-05
-27.429142
-4.744483704e-06
-28.41534233
-1.921839248e-05
-28.57316017
-4.818858542e-06
-28.59327126
-1.558920849e-05
-28.5953083
-7.623661986e-07
-28.5954628
-1.940672519e-05
-28.5954895
5.730997145e-06
-28.59547043
-1.648163379e-05
-28.59549522
2.805434178e-06
-28.59547043
7.36856191e-06
-28.59552383
4.598335636e-06
-28.59551239
8.77535058e-06
-28.59549904
-1.904580131e-05
-28.59549713
-3.326244951e-06
-28.59546661
-1.566724313e-05
-28.59544945
7.220462066e-06
-28.59552956
7.944074241e-06
-28.59547424
9.953981134e-06
-28.59547424
-5.379439244e-06
-28.59545898
-2.246315489e-06
-28.59547424
1.819105819e-05
-28.5954895
2.959281483e-05
-28.59555054
6.851198123e-05
-28.59558105
7.494779129e-05
-28.59545898
4.762981916e-06
-28.59552002
1.259309101e-05
-28.59550476
6.818507245e-06
-28.59549713
1.733683166e-05
-28.59549713
1.603399505e-05
-28.59547997
1.20142322e-05
-28.59547806
2.619963198e-07
-28.59546661
-1.544280167e-06
-28.59550476
3.238232603e-05
-28.59547424
2.014669008e-05
-28.59549141
1.254679773e-05
-28.59548378
6.846475117e-06
-28.59548759
4.479570634e-07
-28.59548187
-9.777781997e-06
-28.59546852
-1.436137609e-05
-28.59546852
-2.61863679e-05
-28.59549522
1.692930164e-05
-28.59552193
-7.732092854e-06
-28.59550476
6.818507245e-06
-28.59549713
-7.829796687e-07
-28.59539795
-1.132142643e-06
-28.59422302
2.477489033e-06
-28.5826149
7.891390851e-06
-28.49149704
2.515860069e-05
-27.92212296
-8.802180673e-06
-25.09627914
-6.985092114e-07
-13.99919796
-1.065836295e-05
20.27952766
-1.690451427e-05
102.7769699
-1.306235163e-06
254.8669586
-1.252819493e-05
462.3809204
3.218624443e-06
654.0570068
-3.375853339e-06
733.3304443
-2.122034675e-05
654.0570679
-2.674597454e-05
462.3809204
-1.177814192e-05
254.8669739
-1.318074555e-05
102.7769699
-1.066888581e-05
20.27951241
-7.059254131e-06
-13.99920273
-7.367398211e-06
-25.09629059
-9.173674698e-06
-27.92213821
1.354146661e-07
-28.49150085
3.792240932e-06
-28.58263206
-1.408983189e-05
-28.59423637
-6.640538231e-06
-28.5954113
-1.034163688e-05
-28.59552002
-4.382985026e-06
-28.59551048
-1.436137609e-05
-28.59551048
-4.607182746e-06
-28.5955143
-1.358827649e-05
-28.59551811
-7.732092854e-06
-28.59550476
6.818507245e-06
-28.59549713
-7.829796687e-07
-28.59549332
-8.761537174e-06
-28.59548569
-1.278130003e-05
-28.59548569
-1.499679274e-05
-28.5954628
-3.587655374e-05
-28.59551239
-1.971523307e-05
-28.59549332
-5.880138815e-06
-28.5954895
-6.143460269e-06
-28.59549141
1.851662091e-06
-28.59549713
6.671343726e-06
-28.59550476
2.507030877e-05
-28.59552002
3.004745304e-05
-28.59555054
4.863782669e-05
-28.59547424
6.99728389e-06
-28.59547424
5.026051895e-06
-28.59549713
5.391953891e-06
-28.5954895
6.371066775e-06
-28.59549332
5.308758318e-06
-28.59549522
5.910184427e-06
-28.59549713
1.141202301e-05
-28.59550095
2.022848093e-06
-28.5955143
1.667912511e-05
-28.59551048
1.065040396e-05
-28.59551048
8.41324254e-06
-28.59550476
1.118587443e-05
-28.59550858
8.666468602e-06
-28.59550285
-5.16275577e-07
-28.59549904
-6.102540283e-06
-28.59549141
-3.20794652e-06
-28.59549332
1.608546336e-05
-28.59551048
1.992721263e-05
-28.59549522
1.623999924e-05
-28.59549904
1.352362415e-05
-28.59544945
4.83192116e-06
-28.59490967
5.910184427e-06
-28.58953667
5.689977115e-06
-28.54730606
1.346693989e-05
-28.28343201
-4.084691227e-06
-26.97377777
3.534023563e-08
-21.83076668
-2.903130053e-06
-5.944075584
-5.039194093e-06
32.28988647
1.776183126e-06
102.7769623
-1.220943886e-06
198.9506531
-1.660565431e-06
287.7841797
8.649673873e-06
324.5239258
-1.054456243e-05
287.7841797
-1.249771412e-05
198.9506531
-1.129734665e-05
102.7769623
-1.270241955e-05
32.28988266
-1.66257505e-05
-5.944086075
-1.316330236e-05
-21.83077621
-1.147616058e-05
-26.97378159
-1.323594097e-05
-28.28344536
-7.242358151e-06
-28.54731941
-1.075929231e-05
-28.58954811
-1.754926052e-05
-28.59492111
-1.309072377e-05
-28.5954628
-1.426141625e-05
-28.59550667
-1.40032671e-05
-28.59550285
-1.149733725e-05
-28.59550285
-1.399754001e-05
-28.59550095
-1.443211477e-05
-28.5955143
-1.059036549e-05
-28.59550667
9.81210178e-07
-28.59551048
-1.735164915e-06
-28.5955143
-8.901247384e-07
-28.59550476
2.095487162e-06
-28.59550285
-5.754114682e-06
-28.59550095
-9.421243703e-06
-28.59552002
-1.737331786e-06
-28.59551239
-1.442291762e-07
-28.59550285
1.396507059e-06
-28.59549332
3.134345434e-06
-28.59549141
1.170235555e-05
-28.5954895
1.53116307e-05
-28.59549713
2.006189243e-05
-28.59550476
1.604690624e-05
-28.5954895
8.377293852e-06
-28.59549713
6.158430551e-06
-28.59549713
4.990711659e-06
-28.59549713
5.992820661e-06
-28.59549713
6.377783393e-06
-28.59550095
5.889779459e-06
-28.59550476
3.109367753e-06
-28.59550667
5.479097581e-06
-28.5955162
1.041139512e-05
-28.5955162
1.023745517e-05
-28.5955162
1.277526007e-05
-28.59551239
1.217393037e-05
-28.59550667
1.013753717e-05
-28.59550095
9.526655958e-06
-28.59549713
7.349290172e-06
-28.59549522
6.200510597e-06
-28.59550285
9.439980204e-06
-28.59550476
1.267396328e-05
-28.59550285
1.385690302e-05
-28.59550285
1.07015876e-05
-28.59547806
8.046713447e-06
-28.59527779
6.605035196e-06
-28.59328079
7.400902177e-06
-28.57757568
8.340120985e-06
-28.47940445
4.932224329e-06
-27.99217796
8.245015692e-07
-26.07880402
-3.528941306e-06
-20.16841316
-4.076164259e-06
-5.944070816
-4.146288575e-06
20.27953339
-5.20532285e-06
56.05944061
-3.977571396e-06
89.10855103
-2.940175818e-06
102.7770081
-1.171336044e-05
89.10855865
-1.29076052e-05
56.05944061
-1.56622973e-05
20.27952957
-1.939875801e-05
-5.944076538
-2.080193372e-05
-20.1684227
-1.795207936e-05
-26.07881165
-1.596411857e-05
-27.99218559
-1.550173693e-05
-28.47941589
-1.236825301e-05
-28.57758331
-1.052004973e-05
-28.59328842
-8.382417036e-06
-28.59528732
-8.899491149e-06
-28.59548759
-7.395551165e-06
-28.59550858
-8.006433745e-06
-28.59551239
-6.137701348e-06
-28.59551048
-1.891683951e-06
-28.59550667
1.810586127e-06
-28.59550476
1.229871486e-06
-28.59550667
-1.401886493e-06
-28.59550667
-7.425041986e-07
-28.59550858
-5.36355401e-07
-28.59551048
-1.501196493e-06
-28.5955162
-1.182166443e-06
-28.59551239
-3.103971267e-06
-28.59552002
7.403123163e-07
-28.59551048
2.707601197e-06
-28.59550476
4.107087079e-06
-28.59549904
7.350602573e-06
-28.59549522
9.749297533e-06
-28.59549713
1.387810244e-05
-28.59549713
1.615641486e-05
-28.59550285
1.395452455e-05
-28.59549904
6.049895092e-06
-28.59549713
2.449856083e-06
-28.59550095
-5.337569746e-07
-28.59550095
-1.402182534e-06
-28.59550095
-3.371114872e-07
-28.59550476
1.142027031e-06
-28.59550858
1.274547685e-06
-28.59550858
1.519386387e-06
-28.59551239
2.591161319e-06
-28.59551239
3.44160344e-06
-28.59551239
4.895005077e-06
-28.59550667
6.675860277e-06
-28.59550285
6.780655895e-06
-28.59550667
6.0483776e-06
-28.59550667
5.283901373e-06
-28.59551048
6.353262506e-06
-28.5955162
1.069896643e-05
-28.5955162
1.696358595e-05
-28.59551811
2.085685992e-05
-28.59551239
2.053232674e-05
-28.59550476
1.831914233e-05
-28.59544373
1.419544424e-05
-28.59485245
1.152654659e-05
-28.59016418
1.010245524e-05
-28.56084633
6.940447292e-06
-28.41534042
6.341309927e-06
-27.84391594
3.435865437e-06
-26.0788002
5.927454367e-07
-21.83075333
5.698516361e-07
-13.99917603
2.55854502e-07
-3.31364727
1.136177161e-06
6.556346893
4.122357495e-07
10.63838005
-2.236031833e-06
6.55634594
-3.018870075e-06
-3.313651085
-7.731017831e-06
-13.99918461
-1.260785575e-05
-21.83076477
-1.643036558e-05
-26.07881546
-1.840829646e-05
-27.84392929
-2.065996159e-05
-28.41535187
-2.327614493e-05
-28.56085968
-2.410730667e-05
-28.59017181
-2.768388731e-05
-28.59486008
-2.747377221e-05
-28.59545326
-2.442851292e-05
-28.59551048
-2.187920109e-05
-28.59551811
-1.789103226e-05
-28.59552193
-1.35978853e-05
-28.59552193
-9.83112659e-06
-28.59552002
-4.559823083e-06
-28.5955162
-2.109899469e-06
-28.5955143
8.296992746e-07
-28.59550858
3.366189048e-06
-28.59550858
4.014027581e-06
-28.59550858
3.347398888e-06
-28.5955162
2.466640581e-06
-28.5955162
2.473060704e-06
-28.59551811
3.968335022e-06
-28.5955162
3.748680911e-06
-28.59551048
5.456618965e-06
-28.59550476
7.403808468e-06
-28.59549713
8.650298696e-06
-28.59549713
1.114730185e-05
-28.59549713
1.230553426e-05
-28.59550095
1.208394497e-05
-28.59551048
1.103257364e-05
-28.59550858
7.874232324e-06
-28.59550667
4.935399375e-06
-28.59550667
3.764946996e-06
-28.59550858
4.524806627e-06
-28.5955162
6.530513929e-06
-28.59552193
8.229908417e-06
-28.59552383
1.014015652e-05
-28.59552383
1.158469604e-05
-28.59552574
1.305451678e-05
-28.59552574
1.340853487e-05
-28.59552383
1.345568762e-05
-28.59551811
1.206476918e-05
-28.59551811
1.048283866e-05
-28.59551239
7.917733456e-06
-28.59550667
6.107053196e-06
-28.59550095
8.178972166e-06
-28.59549332
1.257205622e-05
-28.5954895
1.555992822e-05
-28.59548569
1.726167466e-05
-28.59548569
1.57304803e-05
-28.59547615
1.292311208e-05
-28.59534073
9.422001312e-06
-28.59422112
5.312180747e-06
-28.58720016
1.284418431e-06
-28.55232048
-1.854537004e-06
-28.41533089
-4.75068191e-06
-27.99217224
-7.232116332e-06
-26.97376633
-8.229481864e-06
-25.09626198
-9.925104678e-06
-22.53456116
-1.178170169e-05
-20.16837692
-1.075345608e-05
-19.18977165
-8.084566616e-06
-20.16838074
-5.145192063e-06
-22.53457069
-3.714724471e-06
-25.09626961
-4.259328307e-06
-26.97377396
-7.038494459e-06
-27.99217987
-1.045680983e-05
-28.41533852
-1.334697299e-05
-28.5523262
-1.572825931e-05
-28.58720779
-1.786472603e-05
-28.59422874
-2.000901077e-05
-28.59534645
-2.138895434e-05
-28.59548187
-2.214786218e-05
-28.59548759
-2.232705992e-05
-28.59548759
-2.104300438e-05
-28.5954895
-1.838189928e-05
-28.59549141
-1.479778257e-05
-28.59549713
-1.232502564e-05
-28.59549713
-1.174663885e-05
-28.59550095
-9.950860658e-06
-28.59550476
-8.129904927e-06
-28.59550858
-6.084820143e-06
-28.5955143
-5.405316188e-06
-28.59552002
-5.479159881e-06
-28.59552193
-7.085585366e-06
-28.59552383
-8.041286492e-06
-28.59552574
-8.914653336e-06
-28.59552574
-7.044434824e-06
-28.59552383
-4.08266169e-06
-28.59552002
3.513778211e-07
-28.5955143
5.534018783e-06
-28.59551239
1.047429942e-05
-28.59551239
1.264627645e-05
-28.59549522
5.437807431e-06
-28.59549904
3.647568064e-06
-28.59549904
2.244853931e-06
-28.59550285
2.746549399e-06
-28.59550667
4.676282515e-06
-28.59551239
6.258393114e-06
-28.5955162
6.846665201e-06
-28.5955143
7.992497558e-06
-28.59551048
8.632296158e-06
-28.59551048
9.776179468e-06
-28.59550858
1.044186865e-05
-28.59550667
1.070566304e-05
-28.59550858
1.013404562e-05
-28.59551048
9.419252819e-06
-28.59551239
8.442715625e-06
-28.5955143
8.023387636e-06
-28.5955143
1.039990912e-05
-28.5955143
1.306725608e-05
-28.59551048
1.465938385e-05
-28.59551048
1.497295216e-05
-28.59550858
1.327797781e-05
-28.59550285
1.211454946e-05
-28.59547806
1.122015601e-05
-28.59526443
9.929648513e-06
-28.59391403
7.841528713e-06
-28.58720016
5.271880582e-06
-28.56084061
2.269375727e-06
-28.47940254
-4.156884188e-07
-28.28341866
-1.458935571e-06
-27.9221077
-2.628187076e-06
-27.42912865
-3.593771908e-06
-26.97377586
-3.59046544e-06
-26.78545189
-4.048300525e-06
-26.97377968
-6.371018117e-06
-27.42913246
-8.219486517e-06
-27.92211342
-9.621414392e-06
-28.28342628
-1.056015481e-05
-28.47941208
-1.187632006e-05
-28.56084824
-1.331460589e-05
-28.58721352
-1.620698822e-05
-28.59392357
-1.801725921e-05
-28.59527397
-1.880218406e-05
-28.5954895
-1.807179069e-05
-28.5955143
-1.721662375e-05
-28.5955162
-1.592851186e-05
-28.59551811
-1.462552427e-05
-28.59552002
-1.313647044e-05
-28.59552193
-1.123772199e-05
-28.59552193
-9.448437595e-06
-28.59552193
-8.271206752e-06
-28.59551811
-7.513544006e-06
-28.5955143
-6.72313854e-06
-28.59551239
-5.884915481e-06
-28.59551048
-5.155896361e-06
-28.5955162
-3.919423762e-06
-28.59552002
-2.706535952e-06
-28.59552002
-9.544241948e-07
-28.59552002
7.224846286e-07
-28.59552002
3.094514796e-06
-28.5955143
4.514355169e-06
-28.59551048
5.067103302e-06
-28.59550476
5.665982826e-06
-28.59549904
6.538724847e-06
-28.59549522
7.046729024e-06
-28.59551811
1.018153307e-05
-28.59551811
8.81365122e-06
-28.59552002
6.53313873e-06
-28.59552193
5.701617283e-06
-28.59552193
7.700376045e-06
-28.59552383
1.074244574e-05
-28.59552193
1.296383925e-05
-28.59552383
1.374660314e-05
-28.59552574
1.21100129e-05
-28.59552383
9.919755939e-06
-28.59552193
8.388214155e-06
-28.59552002
7.753894351e-06
-28.5955162
6.994164323e-06
-28.5955143
5.992853403e-06
-28.59551048
5.03249521e-06
-28.59550285
4.44646048e-06
-28.59549904
6.641806522e-06
-28.59549332
8.73375393e-06
-28.59549332
9.838402548e-06
-28.59549332
8.892095138e-06
-28.59549332
6.164159458e-06
-28.59549332
4.860211902e-06
-28.5954895
5.133279046e-06
-28.59545898
5.351661457e-06
-28.59525108
3.166938086e-06
-28.59421539
-7.319572433e-07
-28.5901432
-5.334118214e-06
-28.57756615
-8.878203516e-06
-28.54729462
-1.07789956e-05
-28.49147606
-1.156076814e-05
-28.41531372
-1.042343229e-05
-28.34496307
-7.306781754e-06
-28.31587029
-4.094823453e-06
-28.34496117
-4.737223207e-06
-28.41531372
-6.104908607e-06
-28.49147987
-8.045169125e-06
-28.54730034
-1.032723503e-05
-28.57757568
-1.26672785e-05
-28.59015083
-1.359375528e-05
-28.59421921
-1.504616557e-05
-28.5952549
-1.627214442e-05
-28.5954628
-1.801808685e-05
-28.59549522
-1.905473619e-05
-28.59550095
-1.968436118e-05
-28.59549713
-1.819384488e-05
-28.59549522
-1.538876859e-05
-28.59549522
-1.17735608e-05
-28.59549522
-7.481097782e-06
-28.59549904
-4.057227216e-06
-28.59550476
-2.635832061e-06
-28.59550858
-3.438532076e-06
-28.59551239
-4.220926257e-06
-28.5955162
-3.475028961e-06
-28.59552002
-6.606683201e-07
-28.59552383
2.894379577e-06
-28.59552765
6.074367775e-06
-28.59552956
8.168138265e-06
-28.59552765
8.592769518e-06
-28.59552574
6.98340682e-06
-28.59552574
4.644185537e-06
-28.59552383
3.32509353e-06
-28.59552193
4.850787263e-06
-28.5955162
7.570172784e-06
-28.5955162
1.015746329e-05
-28.59552002
5.861559657e-06
-28.59552002
6.985210348e-06
-28.59552002
7.842329069e-06
-28.59552193
8.658184015e-06
-28.59552574
9.938662515e-06
-28.59552765
9.465936273e-06
-28.59552956
8.094904842e-06
-28.59553337
7.543697393e-06
-28.59553146
8.152410373e-06
-28.59553146
9.862936167e-06
-28.59552383
1.186552981e-05
-28.5955162
1.309913569e-05
-28.59551048
1.250958121e-05
-28.59550858
1.091224203e-05
-28.59550858
9.915061128e-06
-28.59551048
9.332907212e-06
-28.59551048
1.09399989e-05
-28.59551048
1.181094194e-05
-28.59551239
1.202748172e-05
-28.59551048
1.094491563e-05
-28.59550667
9.088132174e-06
-28.59550095
8.426405657e-06
-28.59549522
9.160687114e-06
-28.59548759
1.013417113e-05
-28.59545708
9.224129826e-06
-28.59532928
6.778896477e-06
-28.59482384
3.559458492e-06
-28.59326363
1.177758804e-06
-28.58951378
-1.434484602e-07
-28.5825901
-1.223669869e-06
-28.57315063
-9.746754586e-07
-28.56443024
-1.11939039e-06
-28.56082535
-1.193682465e-06
-28.56443405
-3.070686716e-06
-28.57315826
-4.4270746e-06
-28.58260155
-4.710747817e-06
-28.58952522
-4.386242836e-06
-28.59327698
-5.632898137e-06
-28.59483528
-6.734078852e-06
-28.59533882
-9.043157661e-06
-28.5954628
-1.105012234e-05
-28.59549332
-1.228945166e-05
-28.59549713
-1.205694207e-05
-28.59550095
-1.207689638e-05
-28.59550667
-1.193344906e-05
-28.59550858
-1.282894573e-05
-28.59551239
-1.492721367e-05
-28.59551811
-1.581163815e-05
-28.59551811
-1.645392331e-05
-28.59551811
-1.612407868e-05
-28.59552002
-1.53748224e-05
-28.59552193
-1.411976882e-05
-28.59552574
-1.267128846e-05
-28.59553146
-1.015662292e-05
-28.595541
-7.847358575e-06
-28.59554482
-5.83056044e-06
-28.59554482
-4.749491382e-06
-28.59554291
-4.017013907e-06
-28.59553337
-4.027473096e-06
-28.59552574
-3.049604402e-06
-28.59552193
-1.652265837e-06
-28.59551811
9.315422176e-07
-28.5955162
2.76213882e-06
-28.5955162
4.701736543e-06
-28.59551811
5.073906323e-06
-28.59551811
5.687905286e-06
-28.5955162
5.250361482e-06
-28.5955143
4.541111139e-06
-28.5955162
5.231530395e-06
-28.59551811
4.861049092e-06
-28.59552383
4.025881935e-06
-28.59552956
2.73896876e-06
-28.59553337
1.779113518e-06
-28.59553146
2.499062248e-06
-28.59552765
5.517531463e-06
-28.59552574
9.920520824e-06
-28.59552383
1.336293462e-05
-28.59552193
1.47936862e-05
-28.59552193
1.491082185e-05
-28.5955162
1.344456541e-05
-28.59551048
1.288067233e-05
-28.59550667
1.225926007e-05
-28.59550285
1.194957986e-05
-28.59549904
1.069756217e-05
-28.59549904
8.407245332e-06
-28.59549332
6.789607141e-06
-28.5954895
7.055139577e-06
-28.59548759
8.214563422e-06
-28.59547806
8.3640507e-06
-28.59546661
6.177425348e-06
-28.59541512
1.731254088e-06
-28.59526443
-2.499289167e-06
-28.59490013
-5.996249001e-06
-28.59421921
-7.364415069e-06
-28.59328842
-5.939360562e-06
-28.59242821
-4.319802883e-06
-28.59207344
-3.325885018e-06
-28.59243202
-1.261790885e-06
-28.59329224
-2.143400252e-06
-28.59422493
-3.706939879e-06
-28.59490585
-6.074478279e-06
-28.59527397
-9.437284461e-06
-28.59542465
-1.222916035e-05
-28.59547234
-1.472362055e-05
-28.59548759
-1.702738518e-05
-28.59549332
-1.782395157e-05
-28.59550095
-1.575169154e-05
-28.59550285
-1.160443753e-05
-28.59550476
-6.105894045e-06
-28.59550285
-1.979256467e-06
-28.59550285
-1.766076821e-06
-28.59550476
-1.955908829e-06
-28.59550667
-3.617474249e-06
-28.59551048
-4.651229574e-06
-28.59551811
-5.315510862e-06
-28.59552193
-6.755538834e-06
-28.59552574
-8.841314411e-06
-28.59552765
-9.601626516e-06
-28.59552765
-9.67024971e-06
-28.59552956
-8.414026524e-06
-28.59552765
-6.592285899e-06
-28.59552765
-4.425468433e-06
-28.59552193
-3.398759873e-06
-28.59552002
-2.312649031e-06
-28.59551811
-1.580757726e-06
-28.5955162
1.826076641e-07
-28.5955162
1.50324081e-06
-28.59551811
3.440501587e-06
-28.59552956
3.051927479e-06
-28.59552765
4.92293475e-06
-28.59552574
5.69846452e-06
-28.59552193
6.014334303e-06
-28.59552002
6.229075552e-06
-28.59551811
4.316846571e-06
-28.59552002
2.129155519e-06
-28.59552574
3.825180102e-07
-28.59552574
4.597359293e-07
-28.59552765
2.743873665e-06
-28.59552765
6.055809081e-06
-28.59552765
8.875172171e-06
-28.59552574
1.042342683e-05
-28.59552383
1.053776759e-05
-28.59552193
9.973726264e-06
-28.5955162
8.201121091e-06
-28.59551239
6.17508249e-06
-28.59550858
3.825209205e-06
-28.59550667
1.932910209e-06
-28.59550285
5.148872333e-07
-28.59550095
-1.358766895e-07
-28.59549522
6.66415076e-07
-28.5954895
3.089508255e-06
-28.59548569
5.410002814e-06
-28.59547997
7.169493983e-06
-28.59548187
6.760585165e-06
-28.59547424
4.182600151e-06
-28.59546471
1.794511604e-06
-28.595438
-4.203468507e-07
-28.5953846
-2.251771093e-06
-28.59531212
-2.903518407e-06
-28.59524536
-3.386128355e-06
-28.59522057
-2.277266731e-06
-28.59524536
-5.827325822e-07
-28.59531212
5.410356607e-09
-28.5953846
-1.601756594e-08
-28.59543991
-1.540044877e-06
-28.59546852
-4.934000572e-06
-28.59548187
-8.307472854e-06
-28.59548759
-1.07066744e-05
-28.59548759
-1.230780344e-05
-28.59549332
-1.178039838e-05
-28.59549713
-9.469737051e-06
-28.59550095
-6.617000508e-06
-28.59550285
-3.96971609e-06
-28.59550476
-1.748805516e-06
-28.59550667
-2.202951237e-06
-28.59550858
-2.36655751e-06
-28.59551239
-4.875409104e-06
-28.5955162
-7.634700523e-06
-28.59552193
-8.848371181e-06
-28.59552574
-9.342318663e-06
-28.59552765
-8.175202311e-06
-28.59552956
-4.291893674e-06
-28.59552765
6.570030564e-08
-28.59552765
3.402380571e-06
-28.59552574
4.311079465e-06
-28.59552383
3.268627779e-06
-28.59552002
1.110603534e-06
-28.59551811
-7.219572353e-07
-28.59552193
-1.97667373e-06
-28.59552193
-1.808502475e-06
-28.59552574
-1.154455504e-06
-28.59552765
5.711813174e-07
-28.59552193
-1.070307917e-06
-28.59552383
2.780882824e-06
-28.59552383
4.447037554e-06
-28.59552002
5.714947292e-06
-28.59551811
6.477777333e-06
-28.5955162
6.377381396e-06
-28.5955162
6.37886842e-06
-28.59552193
6.212222161e-06
-28.59552574
7.171306152e-06
-28.59552956
1.027082726e-05
-28.59552765
1.474647343e-05
-28.59552956
1.830955443e-05
-28.59552765
2.028500967e-05
-28.59552383
1.969834193e-05
-28.59552193
1.779414015e-05
-28.5955143
1.553166658e-05
-28.59551048
1.316039561e-05
-28.59550476
1.154259826e-05
-28.59550095
1.052234711e-05
-28.59550095
1.001772762e-05
-28.59550095
1.018219427e-05
-28.59550285
1.127683117e-05
-28.59549904
1.326853635e-05
-28.59549522
1.435414106e-05
-28.5954895
1.454071571e-05
-28.59548569
1.180622348e-05
-28.59548187
6.014220617e-06
-28.59547806
-2.983242666e-07
-28.59547424
-5.240279279e-06
-28.59547234
-8.839980183e-06
-28.59547043
-1.128504846e-05
-28.59546661
-1.124503706e-05
-28.59546471
-9.948403203e-06
-28.5954628
-7.721976544e-06
-28.59546661
-6.267615845e-06
-28.59547043
-3.556725687e-06
-28.59547615
-2.166677859e-06
-28.59548187
-2.525780474e-06
-28.59548569
-3.665697477e-06
-28.59549141
-5.451628112e-06
-28.59549522
-6.803886663e-06
-28.59549904
-5.390653314e-06
-28.59550095
-1.972534847e-06
-28.59550285
1.56558599e-06
-28.59550095
2.934108124e-06
-28.59549713
2.699907782e-06
-28.59549904
-6.334630598e-09
-28.59550285
-2.222216608e-06
-28.59550667
-5.356623205e-06
-28.59551239
-8.565463759e-06
-28.59552002
-9.460701222e-06
-28.59552002
-9.901496014e-06
-28.59552383
-8.576128494e-06
-28.59552574
-4.970826012e-06
-28.59552574
-1.091184913e-06
-28.59552574
1.282093763e-06
-28.59552383
9.553564269e-07
-28.59552002
-1.938150035e-06
-28.5955162
-5.407109256e-06
-28.5955162
-8.54137943e-06
-28.5955162
-1.029154555e-05
-28.59551811
-1.039182735e-05
-28.59552002
-8.791184882e-06
-28.59552002
-5.662796866e-06
-28.59552956
3.861831829e-06
-28.59552956
9.063370271e-06
-28.59552765
1.163992965e-05
-28.59552383
1.299382529e-05
-28.59552193
1.170725227e-05
-28.59551811
9.06481182e-06
-28.5955162
5.950676496e-06
-28.59552002
3.040180218e-06
-28.59552383
1.503526391e-06
-28.59552765
2.232385668e-06
-28.59553146
4.840609108e-06
-28.59553146
7.355174603e-06
-28.59552574
9.969901839e-06
-28.59551811
1.00109728e-05
-28.59551048
8.063208952e-06
-28.59550285
5.70600605e-06
-28.59549904
2.264080649e-06
-28.59549522
-3.67186658e-07
-28.59549141
-3.33625394e-06
-28.5954895
-5.508665708e-06
-28.59548569
-5.670032806e-06
-28.59548187
-3.362645657e-06
-28.59547806
5.814586075e-07
-28.59547424
4.060382253e-06
-28.59547424
6.185903658e-06
-28.59547615
5.279476227e-06
-28.59547997
1.332580496e-06
-28.59548187
-3.681361704e-06
-28.59548378
-7.794396879e-06
-28.59548569
-9.407047401e-06
-28.59548378
-8.946906746e-06
-28.59547806
-6.565451258e-06
-28.59547615
-2.881177352e-06
-28.59547615
1.402077942e-06
-28.59548187
5.088704711e-06
-28.59548569
7.591413578e-06
-28.59548759
8.774286471e-06
-28.59548759
8.824665201e-06
-28.59548569
7.553317118e-06
-28.59548187
5.262159448e-06
-28.59547806
3.16867613e-06
-28.59547806
2.971133654e-06
-28.59548187
4.272434126e-06
-28.59548569
6.474415386e-06
-28.59548759
7.029304925e-06
-28.59549141
6.374121767e-06
-28.59549141
4.019670087e-06
-28.59549522
4.193036602e-07
-28.59549904
-4.370890565e-06
-28.59550285
-1.066450204e-05
-28.59551048
-1.439384323e-05
-28.59552002
-1.732859528e-05
-28.59552383
-1.761483145e-05
-28.59553146
-1.48150757e-05
-28.59553146
-1.100133159e-05
-28.59552765
-8.055147191e-06
-28.59552765
-6.828855476e-06
-28.59552193
-7.749984434e-06
-28.59551811
-8.810189684e-06
-28.59552002
-9.893848073e-06
-28.59552193
-9.766336007e-06
-28.59552383
-8.656657883e-06
-28.59552574
-5.629660791e-06
-28.59552765
-1.669875246e-06
-28.59551811
1.605813623e-06
-28.59552193
8.999661077e-06
-28.59552193
1.372097995e-05
-28.59552193
1.503676685e-05
-28.59552193
1.102677106e-05
-28.5955143
4.031438948e-06
-28.59551048
-4.627047019e-06
-28.59551239
-1.237222568e-05
-28.59551239
-1.722713205e-05
-28.5955143
-1.72186119e-05
-28.59551811
-1.268231972e-05
-28.59552383
-6.029861197e-06
-28.59552956
2.702235861e-06
-28.59552956
9.500299711e-06
-28.59552765
1.421347042e-05
-28.59552193
1.766683999e-05
-28.5955162
1.764693297e-05
-28.59550858
1.763655746e-05
-28.59550285
1.579848868e-05
-28.59549713
1.345134388e-05
-28.59549141
1.050993251e-05
-28.59548569
7.646494851e-06
-28.59548187
5.495715868e-06
-28.59548187
5.150278412e-06
-28.59547806
6.259949259e-06
-28.59547997
7.096520676e-06
-28.59547997
6.335074431e-06
-28.59547424
3.07692153e-06
-28.59547043
-7.702159337e-07
-28.59546852
-2.804605174e-06
-28.59546471
-3.310739203e-06
-28.59545898
-1.62659228e-06
-28.59545326
1.827827191e-06
-28.59545326
8.374867321e-06
-28.59545326
1.480445553e-05
-28.59545326
1.967393473e-05
-28.59545326
2.312413199e-05
-28.59545708
2.476228656e-05
-28.59546471
2.273821156e-05
-28.59547043
1.663624971e-05
-28.59547424
9.703769138e-06
-28.59548378
4.553355211e-06
-28.59549141
2.511930234e-06
-28.59549713
4.593734502e-06
-28.59550667
7.158123481e-06
-28.59551048
8.807302947e-06
-28.59551239
8.529117622e-06
-28.5955143
4.675519449e-06
-28.5955162
-5.941537893e-07
-28.59552002
-7.52275082e-06
-28.59552574
-1.015184353e-05
-28.59553146
-1.0337616e-05
-28.59553719
-7.296353033e-06
-28.59553146
-8.430451999e-07
-28.59552383
6.544348707e-06
-28.5955162
1.31318493e-05
-28.59550858
1.738430365e-05
-28.59551048
1.676932516e-05
-28.5955143
1.230843554e-05
-28.59552383
5.219689228e-06
-28.59552765
-1.363761953e-06
-28.59552574
-6.391548595e-06
-28.59552193
-6.971403309e-06
-28.5955162
-4.549285222e-06
