0
8.529186016e-05
0.0003410625504
0.0007671499043
0.001362726674
0.00212555402
0.003047966864
0.004104857333
0.005215306301
0.006157053635
0.006544837728
0.006157069001
0.005215320271
0.004104871769
0.003047974082
0.002125563566
0.001362738549
0.0007671594503
0.0003410720674
8.529186016e-05
-4.768371475e-09
8.534669905e-05
0.000341093546
0.0007673072396
0.001363074756
0.002126796171
0.003051843494
0.004117758013
0.005254643038
0.006251443643
0.006676810794
0.006251450628
0.005254646298
0.004117755685
0.003051846055
0.002126810607
0.001363091404
0.0007673239452
0.000341117382
8.53514648e-05
-7.867812712e-08
8.551836072e-05
0.0003411054495
0.0007677983958
0.001363942632
0.002130179433
0.003061995376
0.004152460024
0.005363526288
0.006530812941
0.007071659435
0.006530821323
0.005363535602
0.00415246468
0.003061993048
0.002130188979
0.001363954507
0.0007678127149
0.0003411245125
8.552073996e-05
-5.817413467e-07
8.620262088e-05
0.000340669154
0.0007689857157
0.001364438445
0.002135360148
0.003073732834
0.004198944662
0.005510823801
0.007012951188
0.007827235386
0.007012958173
0.005510837771
0.00419894699
0.003073732834
0.002135374583
0.001364457537
0.0007690119673
0.000340688217
8.620977314e-05
-3.259181995e-06
8.915424405e-05
0.000337817648
0.0007729578065
0.001361484523
0.002144481987
0.003077263711
0.004249758553
0.005623138044
0.007704014424
0.009138925001
0.007704019547
0.005623147357
0.004249772988
0.003077273257
0.002144505968
0.001361522591
0.0007729911595
0.0003378462861
8.916854858e-05
-1.614808934e-05
0.0001025772071
0.0003236532211
0.0007896947791
0.001342465868
0.002172601176
0.003045053454
0.004330475349
0.005554633215
0.008800379001
0.01220587455
0.008800400421
0.005554653239
0.004330492113
0.003045065328
0.002172620269
0.001342496835
0.0007897257456
0.0003236866032
0.0001026010505
-7.061481301e-05
0.0001585841092
0.0002634882985
0.0008585667238
0.001259479439
0.002281324705
0.002886438277
0.004579639528
0.005106236786
0.01280877553
0.02655491233
0.01280879229
0.005106270313
0.004579660948
0.002886462258
0.002281353343
0.001259517623
0.0008586120675
0.0002635264245
0.0001586151047
-0.0002540135465
0.000346651068
6.109952665e-05
0.001088693156
0.0009814309888
0.00263981102
0.002367162611
0.005360852461
0.004387144931
0.0348409079
0.1028761193
0.03484091535
0.00438717613
0.00536088692
0.002367186593
0.002639839659
0.000981469173
0.001088738441
6.114006101e-05
0.000346674904
-0.0006828784826
0.0007860708283
-0.0004115748452
0.00162470818
0.0003361177514
0.003467783798
0.001195003977
0.007100311574
0.004477760755
0.1123375744
0.3611632884
0.1123374626
0.00447777519
0.007100354414
0.00119503017
0.003467821982
0.000336158264
0.001624751021
-0.0004115414631
0.0007860827027
-0.001271982212
0.001389417564
-0.001060223556
0.002359194681
-0.0005457043299
0.004595570266
-0.0003783988941
0.009404118173
0.006264819764
0.2484779656
0.8065910339
0.2484776676
0.006264815107
0.009404177777
-0.0003783392895
0.004595618229
-0.0005456638173
0.002359235194
-0.001060190145
0.001389417564
-0.001572122565
0.001696786843
-0.001390588237
0.002733015921
-0.0009939050069
0.005167828873
-0.001171500655
0.01055619679
0.00759831164
0.3261814117
1.058992147
0.3261809349
0.007598281838
0.01055626571
-0.001171421958
0.005167883355
-0.0009938644944
0.002733051777
-0.001390554826
0.001696786843
-0.001271944027
0.001389427111
-0.001060209237
0.002359204227
-0.0005457138759
0.00459556561
-0.0003784155706
0.00940411631
0.006264835596
0.2484778911
0.8065905571
0.2484775484
0.006264824886
0.009404175915
-0.0003783440625
0.004595622886
-0.0005456614308
0.002359232865
-0.001060194918
0.001389427111
-0.0006828975747
0.0007860779297
-0.0004115629126
0.001624717726
0.0003361129784
0.003467774251
0.001194984885
0.007100306451
0.004477763083
0.1123374924
0.3611629903
0.1123373806
0.004477782175
0.007100363728
0.001195049263
0.003467831528
0.0003361534909
0.001624746248
-0.0004115533666
0.0007860756014
-0.0002540016139
0.0003466725175
6.112575647e-05
0.001088719349
0.0009814380901
0.002639801474
0.002367138863
0.005360837094
0.004387144931
0.03484088182
0.102876015
0.034840893
0.004387178458
0.005360893905
0.002367203124
0.002639853861
0.000981469173
0.001088733668
6.113528798e-05
0.000346670131
-7.061481301e-05
0.0001586055732
0.0002635121346
0.0008585834294
0.001259484212
0.002281320048
0.002886426402
0.004579625092
0.005106234457
0.0128087746
0.02655491233
0.01280880813
0.00510627497
0.00457967259
0.002886476461
0.002281362889
0.001259515295
0.0008585977484
0.0002635192941
0.0001585960417
-1.614570647e-05
0.0001025915117
0.0003236675111
0.0007897019386
0.001342470641
0.00217259163
0.003045024816
0.004330448806
0.005554621108
0.008800372481
0.01220586617
0.008800401352
0.00555466162
0.004330499098
0.003045079531
0.002172624925
0.001342492062
0.000789718586
0.0003236746707
0.0001025867459
-3.256797754e-06
8.917331434e-05
0.0003378343536
0.0007729744539
0.001361503615
0.002144486876
0.003077249508
0.004249732476
0.005623118952
0.007704011165
0.009138947353
0.007704044227
0.005623164121
0.004249779973
0.003077278147
0.002144505968
0.001361513161
0.0007729744539
0.000337831967
8.916616207e-05
-5.745887393e-07
8.620738663e-05
0.0003406763135
0.0007689976483
0.00136444089
0.002135357819
0.00307372096
0.004198927898
0.005510818679
0.007012946531
0.007827240974
0.007012967952
0.005510845222
0.004198958632
0.003073735163
0.002135372022
0.001364455209
0.0007690048078
0.0003406786709
8.620977314e-05
-7.629394361e-08
8.552312647e-05
0.000341117382
0.0007678031689
0.001363940188
0.002130174544
0.003061981173
0.00415244326
0.00536351325
0.006530808285
0.00707165245
0.006530830637
0.005363547709
0.004152469337
0.003061995376
0.002130188979
0.001363954507
0.0007678151014
0.000341117382
8.552551299e-05
-1.430511443e-08
8.533954679e-05
0.0003411054495
0.0007673191722
0.001363074756
0.002126788953
0.003051846055
0.0041177487
0.005254634656
0.006251430139
0.006676778663
0.006251454353
0.005254656076
0.004117767792
0.003051855601
0.002126793843
0.001363084302
0.0007673239452
0.000341112609
8.534431254e-05
