0
0
1.862645149e-09
3.725290298e-09
5.587935448e-09
9.313225746e-09
9.313225746e-09
7.450580597e-09
5.587935448e-09
4.656612873e-09
4.656612873e-09
4.656612873e-09
5.587935448e-09
8.381903172e-09
1.210719347e-08
1.303851604e-08
1.490116119e-08
1.490116119e-08
1.490116119e-08
1.396983862e-08
1.303851604e-08
1.210719347e-08
1.210719347e-08
1.396983862e-08
1.769512892e-08
1.955777407e-08
2.048909664e-08
2.142041922e-08
2.142041922e-08
1.676380634e-08
1.583248377e-08
1.583248377e-08
1.490116119e-08
1.676380634e-08
1.676380634e-08
1.862645149e-08
2.048909664e-08
2.235174179e-08
2.048909664e-08
1.862645149e-08
1.676380634e-08
1.210719347e-08
1.024454832e-08
1.024454832e-08
1.11758709e-08
1.210719347e-08
1.396983862e-08
1.490116119e-08
1.490116119e-08
1.303851604e-08
1.11758709e-08
8.381903172e-09
5.587935448e-09
4.656612873e-09
2.793967724e-09
4.656612873e-09
4.656612873e-09
8.381903172e-09
9.313225746e-09
8.381903172e-09
6.519258022e-09
3.725290298e-09
2.793967724e-09
9.313225746e-10
-7.450580597e-09
-7.450580597e-09
-7.450580597e-09
-6.519258022e-09
-6.519258022e-09
-4.656612873e-09
-1.862645149e-09
-1.862645149e-09
9.313225746e-10
4.656612873e-09
5.587935448e-09
6.519258022e-09
6.519258022e-09
7.450580597e-09
8.381903172e-09
8.381903172e-09
9.313225746e-09
1.11758709e-08
1.303851604e-08
1.396983862e-08
1.583248377e-08
1.583248377e-08
1.490116119e-08
1.396983862e-08
1.490116119e-08
1.303851604e-08
1.490116119e-08
1.862645149e-08
2.048909664e-08
2.421438694e-08
2.793967724e-08
3.259629011e-08
3.352761269e-08
3.352761269e-08
3.166496754e-08
2.700835466e-08
2.514570951e-08
2.142041922e-08
1.676380634e-08
1.490116119e-08
1.396983862e-08
1.396983862e-08
1.303851604e-08
1.396983862e-08
1.396983862e-08
1.303851604e-08
1.210719347e-08
1.024454832e-08
9.313225746e-09
7.450580597e-09
7.450580597e-09
6.519258022e-09
6.519258022e-09
4.656612873e-09
3.725290298e-09
2.793967724e-09
0
-1.862645149e-09
-3.725290298e-09
-5.587935448e-09
-7.450580597e-09
-7.450580597e-09
-7.450580597e-09
-6.519258022e-09
5.587935448e-09
4.656612873e-09
4.656612873e-09
3.725290298e-09
2.793967724e-09
3.725290298e-09
3.725290298e-09
3.725290298e-09
3.725290298e-09
3.725290298e-09
1.862645149e-09
0
-9.313225746e-10
9.313225746e-10
2.793967724e-09
6.519258022e-09
8.381903172e-09
1.303851604e-08
1.396983862e-08
1.676380634e-08
1.862645149e-08
1.955777407e-08
2.142041922e-08
2.142041922e-08
2.048909664e-08
1.862645149e-08
1.676380634e-08
1.676380634e-08
1.862645149e-08
1.769512892e-08
1.955777407e-08
2.142041922e-08
2.048909664e-08
2.142041922e-08
1.955777407e-08
1.676380634e-08
1.583248377e-08
1.490116119e-08
1.490116119e-08
1.676380634e-08
2.048909664e-08
1.862645149e-08
1.862645149e-08
1.676380634e-08
1.583248377e-08
1.396983862e-08
1.210719347e-08
1.024454832e-08
6.519258022e-09
5.587935448e-09
2.793967724e-09
0
0
-9.313225746e-10
9.313225746e-10
2.793967724e-09
3.725290298e-09
3.725290298e-09
3.725290298e-09
3.725290298e-09
3.725290298e-09
4.656612873e-09
6.519258022e-09
6.519258022e-09
4.656612873e-09
3.725290298e-09
3.725290298e-09
4.656612873e-09
5.587935448e-09
5.587935448e-09
5.587935448e-09
5.587935448e-09
3.725290298e-09
4.656612873e-09
3.725290298e-09
3.725290298e-09
2.793967724e-09
2.793967724e-09
3.725290298e-09
5.587935448e-09
6.519258022e-09
8.381903172e-09
1.024454832e-08
1.024454832e-08
1.11758709e-08
1.303851604e-08
1.396983862e-08
1.676380634e-08
2.048909664e-08
2.048909664e-08
2.235174179e-08
2.328306437e-08
2.514570951e-08
2.514570951e-08
2.514570951e-08
2.421438694e-08
2.514570951e-08
2.607703209e-08
2.607703209e-08
2.514570951e-08
2.421438694e-08
2.235174179e-08
2.235174179e-08
2.048909664e-08
1.862645149e-08
1.583248377e-08
1.303851604e-08
1.11758709e-08
1.024454832e-08
1.024454832e-08
9.313225746e-09
9.313225746e-09
8.381903172e-09
6.519258022e-09
4.656612873e-09
4.656612873e-09
3.725290298e-09
3.725290298e-09
2.793967724e-09
1.862645149e-09
1.862645149e-09
3.725290298e-09
5.587935448e-09
6.519258022e-09
6.519258022e-09
6.519258022e-09
6.519258022e-09
5.587935448e-09
-9.313225746e-10
0
1.862645149e-09
2.793967724e-09
2.793967724e-09
3.725290298e-09
3.725290298e-09
1.862645149e-09
1.862645149e-09
0
0
0
9.313225746e-10
1.862645149e-09
2.793967724e-09
5.587935448e-09
7.450580597e-09
9.313225746e-09
1.210719347e-08
1.396983862e-08
1.396983862e-08
1.676380634e-08
1.862645149e-08
1.955777407e-08
2.235174179e-08
2.235174179e-08
2.421438694e-08
2.887099981e-08
4.377216101e-08
6.98491931e-08
1.052394509e-07
1.369044185e-07
1.499429345e-07
1.37835741e-07
1.061707735e-07
6.98491931e-08
4.190951586e-08
2.793967724e-08
2.235174179e-08
2.048909664e-08
2.048909664e-08
1.676380634e-08
1.490116119e-08
1.303851604e-08
1.210719347e-08
1.11758709e-08
1.024454832e-08
9.313225746e-09
7.450580597e-09
5.587935448e-09
2.793967724e-09
2.793967724e-09
9.313225746e-10
0
0
-9.313225746e-10
0
1.862645149e-09
1.862645149e-09
2.793967724e-09
2.793967724e-09
2.793967724e-09
9.313225746e-10
9.313225746e-10
1.862645149e-09
1.862645149e-09
2.793967724e-09
2.793967724e-09
1.862645149e-09
9.313225746e-10
-9.313225746e-10
-2.793967724e-09
-3.725290298e-09
-2.793967724e-09
0
2.793967724e-09
3.725290298e-09
5.587935448e-09
5.587935448e-09
9.313225746e-09
1.210719347e-08
1.396983862e-08
1.490116119e-08
1.583248377e-08
1.583248377e-08
1.676380634e-08
1.676380634e-08
1.769512892e-08
2.235174179e-08
2.887099981e-08
5.49480319e-08
1.294538379e-07
3.110617399e-07
6.454065442e-07
1.103617251e-06
1.5264377e-06
1.700595021e-06
1.525506377e-06
1.101754606e-06
6.435438991e-07
3.073364496e-07
1.257285476e-07
5.12227416e-08
2.514570951e-08
1.862645149e-08
1.396983862e-08
1.303851604e-08
1.210719347e-08
1.11758709e-08
1.303851604e-08
1.303851604e-08
1.11758709e-08
1.024454832e-08
8.381903172e-09
5.587935448e-09
4.656612873e-09
2.793967724e-09
1.862645149e-09
0
-2.793967724e-09
-3.725290298e-09
-2.793967724e-09
-9.313225746e-10
9.313225746e-10
1.862645149e-09
2.793967724e-09
2.793967724e-09
2.793967724e-09
1.024454832e-08
1.024454832e-08
9.313225746e-09
7.450580597e-09
5.587935448e-09
1.862645149e-09
-9.313225746e-10
-2.793967724e-09
-3.725290298e-09
-2.793967724e-09
-9.313225746e-10
2.793967724e-09
4.656612873e-09
4.656612873e-09
5.587935448e-09
5.587935448e-09
5.587935448e-09
6.519258022e-09
7.450580597e-09
6.519258022e-09
9.313225746e-09
1.11758709e-08
1.490116119e-08
1.955777407e-08
3.352761269e-08
9.685754776e-08
3.417953849e-07
1.101754606e-06
2.934597433e-06
6.316229701e-06
1.092907041e-05
1.518893987e-05
1.694913954e-05
1.518893987e-05
1.093000174e-05
6.318092346e-06
2.9373914e-06
1.102685928e-06
3.417953849e-07
9.406358004e-08
3.166496754e-08
1.769512892e-08
1.210719347e-08
1.024454832e-08
8.381903172e-09
6.519258022e-09
5.587935448e-09
5.587935448e-09
3.725290298e-09
4.656612873e-09
5.587935448e-09
4.656612873e-09
5.587935448e-09
1.862645149e-09
-1.862645149e-09
-2.793967724e-09
-5.587935448e-09
-3.725290298e-09
-2.793967724e-09
-9.313225746e-10
2.793967724e-09
5.587935448e-09
8.381903172e-09
1.024454832e-08
2.793967724e-09
2.793967724e-09
2.793967724e-09
9.313225746e-10
9.313225746e-10
9.313225746e-10
1.862645149e-09
1.862645149e-09
9.313225746e-10
1.862645149e-09
2.793967724e-09
3.725290298e-09
5.587935448e-09
9.313225746e-09
1.303851604e-08
1.583248377e-08
1.862645149e-08
2.048909664e-08
2.142041922e-08
2.142041922e-08
2.142041922e-08
2.235174179e-08
2.328306437e-08
3.911554813e-08
1.406297088e-07
6.454065442e-07
2.631917596e-06
8.770264685e-06
2.355221659e-05
5.080644041e-05
8.799508214e-05
0.000122345984
0.0001365495846
0.0001223450527
8.799415082e-05
5.080457777e-05
2.35484913e-05
8.76467675e-06
2.624467015e-06
6.37024641e-07
1.331791282e-07
3.166496754e-08
1.583248377e-08
1.303851604e-08
1.303851604e-08
1.303851604e-08
1.303851604e-08
1.210719347e-08
9.313225746e-09
7.450580597e-09
2.793967724e-09
9.313225746e-10
-9.313225746e-10
-3.725290298e-09
-4.656612873e-09
-3.725290298e-09
-2.793967724e-09
-9.313225746e-10
1.862645149e-09
4.656612873e-09
6.519258022e-09
6.519258022e-09
7.450580597e-09
5.587935448e-09
1.490116119e-08
1.583248377e-08
1.396983862e-08
1.303851604e-08
1.024454832e-08
6.519258022e-09
5.587935448e-09
6.519258022e-09
6.519258022e-09
8.381903172e-09
9.313225746e-09
1.024454832e-08
1.210719347e-08
1.024454832e-08
8.381903172e-09
8.381903172e-09
7.450580597e-09
8.381903172e-09
8.381903172e-09
1.024454832e-08
1.11758709e-08
1.11758709e-08
2.421438694e-08
1.285225153e-07
7.869675756e-07
4.064291716e-06
1.693796366e-05
5.669984967e-05
0.0001523960382
0.0003288174048
0.0005695289001
0.0007918681949
0.000883821398
0.0007918672636
0.0005695270374
0.0003288146108
0.0001523932442
5.669612437e-05
1.693330705e-05
4.059635103e-06
7.832422853e-07
1.238659024e-07
1.862645149e-08
6.519258022e-09
6.519258022e-09
6.519258022e-09
4.656612873e-09
4.656612873e-09
3.725290298e-09
4.656612873e-09
6.519258022e-09
8.381903172e-09
9.313225746e-09
7.450580597e-09
5.587935448e-09
3.725290298e-09
2.793967724e-09
1.862645149e-09
2.793967724e-09
4.656612873e-09
9.313225746e-09
1.210719347e-08
1.396983862e-08
1.490116119e-08
1.11758709e-08
1.11758709e-08
1.11758709e-08
1.11758709e-08
1.024454832e-08
9.313225746e-09
9.313225746e-09
8.381903172e-09
8.381903172e-09
7.450580597e-09
6.519258022e-09
8.381903172e-09
1.024454832e-08
1.303851604e-08
1.396983862e-08
1.676380634e-08
1.955777407e-08
2.048909664e-08
2.235174179e-08
2.328306437e-08
2.235174179e-08
2.700835466e-08
9.406358004e-08
6.398186088e-07
4.068017006e-06
2.109818161e-05
8.798576891e-05
0.0002946043387
0.0007918719202
0.001708623022
0.002959452569
0.004114815965
0.004592651501
0.004114814103
0.002959448844
0.001708619297
0.0007918672636
0.0002945996821
8.797831833e-05
2.10897997e-05
4.059635103e-06
6.295740604e-07
8.475035429e-08
1.769512892e-08
1.396983862e-08
1.490116119e-08
1.396983862e-08
1.303851604e-08
1.210719347e-08
9.313225746e-09
7.450580597e-09
6.519258022e-09
3.725290298e-09
9.313225746e-10
-9.313225746e-10
-9.313225746e-10
0
1.862645149e-09
3.725290298e-09
6.519258022e-09
7.450580597e-09
9.313225746e-09
9.313225746e-09
9.313225746e-09
1.583248377e-08
1.769512892e-08
1.769512892e-08
1.676380634e-08
1.583248377e-08
1.210719347e-08
9.313225746e-09
8.381903172e-09
7.450580597e-09
7.450580597e-09
8.381903172e-09
1.024454832e-08
1.303851604e-08
1.210719347e-08
1.11758709e-08
1.024454832e-08
8.381903172e-09
8.381903172e-09
9.313225746e-09
1.210719347e-08
1.583248377e-08
4.377216101e-08
3.324821591e-07
2.621673048e-06
1.693423837e-05
8.79811123e-05
0.0003669951111
0.00122886803
0.003303108737
0.007127122022
0.01234466676
0.0171640031
0.01915718243
0.0171640031
0.01234467048
0.007127123419
0.003303109668
0.001228866167
0.0003669913858
8.797552437e-05
1.692585647e-05
2.611428499e-06
3.231689334e-07
3.445893526e-08
7.450580597e-09
4.656612873e-09
3.725290298e-09
2.793967724e-09
4.656612873e-09
6.519258022e-09
9.313225746e-09
1.396983862e-08
1.396983862e-08
1.396983862e-08
1.024454832e-08
8.381903172e-09
6.519258022e-09
6.519258022e-09
5.587935448e-09
8.381903172e-09
1.11758709e-08
1.210719347e-08
1.396983862e-08
1.396983862e-08
2.048909664e-08
2.142041922e-08
2.048909664e-08
1.676380634e-08
1.490116119e-08
1.303851604e-08
1.024454832e-08
1.024454832e-08
6.519258022e-09
5.587935448e-09
5.587935448e-09
1.024454832e-08
1.396983862e-08
1.862645149e-08
2.048909664e-08
2.142041922e-08
2.048909664e-08
1.862645149e-08
1.676380634e-08
1.583248377e-08
2.235174179e-08
1.192092896e-07
1.095235348e-06
8.763745427e-06
5.669519305e-05
0.0002946006134
0.001228864305
0.004114799201
0.01106028352
0.02386477962
0.04133544117
0.05747270584
0.06414675713
0.05747270957
0.04133544117
0.02386478148
0.01106028073
0.004114797339
0.001228862442
0.0002945968881
5.668867379e-05
8.756294847e-06
1.087784767e-06
1.126900315e-07
1.583248377e-08
9.313225746e-09
9.313225746e-09
1.024454832e-08
1.303851604e-08
1.303851604e-08
1.303851604e-08
1.396983862e-08
9.313225746e-09
7.450580597e-09
3.725290298e-09
1.862645149e-09
0
2.793967724e-09
6.519258022e-09
1.11758709e-08
1.396983862e-08
1.583248377e-08
1.490116119e-08
1.583248377e-08
1.862645149e-08
2.607703209e-08
2.235174179e-08
1.676380634e-08
1.676380634e-08
1.676380634e-08
1.490116119e-08
1.583248377e-08
1.11758709e-08
7.450580597e-09
1.024454832e-08
1.396983862e-08
9.313225746e-09
1.490116119e-08
1.490116119e-08
8.381903172e-09
1.303851604e-08
1.303851604e-08
1.490116119e-08
1.583248377e-08
3.725290298e-08
3.017485142e-07
2.926215529e-06
2.354383469e-05
0.0001523951069
0.0007918672636
0.00330310408
0.01106027793
0.02972920798
0.06414672732
0.1111065298
0.1544822752
0.1724216044
0.1544822752
0.1111065298
0.06414672732
0.02972920425
0.01106027327
0.003303101286
0.0007918672636
0.0001523885876
2.353824675e-05
2.921558917e-06
2.952292562e-07
3.166496754e-08
7.450580597e-09
7.450580597e-09
6.519258022e-09
9.313225746e-09
9.313225746e-09
7.450580597e-09
1.024454832e-08
7.450580597e-09
1.11758709e-08
1.11758709e-08
1.303851604e-08
8.381903172e-09
4.656612873e-09
1.024454832e-08
1.583248377e-08
1.862645149e-08
1.862645149e-08
1.490116119e-08
1.11758709e-08
3.352761269e-08
3.725290298e-09
1.862645149e-08
1.490116119e-08
1.490116119e-08
2.328306437e-08
2.142041922e-08
2.607703209e-08
1.490116119e-08
2.048909664e-08
1.303851604e-08
1.862645149e-08
1.862645149e-08
2.142041922e-08
3.259629011e-08
3.166496754e-08
1.396983862e-08
3.725290298e-09
2.048909664e-08
1.676380634e-08
6.891787052e-08
6.416812539e-07
6.309710443e-06
5.079992115e-05
0.0003288146108
0.001708619297
0.007127114572
0.02386477403
0.06414672732
0.1384094208
0.2397345901
0.3333264291
0.3720341623
0.3333264589
0.239734605
0.1384094208
0.06414672732
0.02386476845
0.007127108984
0.001708615571
0.0003288071603
5.08017838e-05
6.30132854e-06
6.37024641e-07
6.146728992e-08
8.381903172e-09
1.210719347e-08
5.587935448e-09
8.381903172e-09
3.725290298e-09
1.676380634e-08
1.303851604e-08
1.490116119e-08
1.955777407e-08
1.396983862e-08
2.793967724e-08
1.11758709e-08
1.303851604e-08
1.769512892e-08
2.048909664e-08
1.862645149e-08
1.490116119e-08
3.725290298e-09
-1.11758709e-08
3.725290298e-09
3.725290298e-09
3.725290298e-09
3.725290298e-09
2.235174179e-08
2.980232239e-08
3.352761269e-08
4.004687071e-08
9.313225746e-10
8.381903172e-09
2.328306437e-08
1.11758709e-08
2.048909664e-08
2.235174179e-08
2.421438694e-08
9.313225746e-09
2.142041922e-08
2.700835466e-08
1.11758709e-08
3.166496754e-08
1.136213541e-07
1.106411219e-06
1.092255116e-05
8.798483759e-05
0.000569534488
0.002959437668
0.01234465837
0.04133541882
0.1111065149
0.2397345901
0.4152367413
0.5773442388
0.6443886161
0.5773442388
0.4152367711
0.2397345901
0.1111065
0.0413354151
0.01234465465
0.002959447913
0.0005695251748
8.79811123e-05
1.091789454e-05
1.102685928e-06
1.024454832e-07
2.235174179e-08
1.303851604e-08
-1.862645149e-09
1.583248377e-08
1.024454832e-08
-3.725290298e-09
1.303851604e-08
1.303851604e-08
1.490116119e-08
2.980232239e-08
3.818422556e-08
-9.313225746e-10
2.421438694e-08
2.607703209e-08
3.166496754e-08
2.235174179e-08
1.11758709e-08
-1.11758709e-08
-2.607703209e-08
-2.607703209e-08
3.352761269e-08
3.352761269e-08
3.725290298e-09
1.11758709e-08
2.048909664e-08
3.539025784e-08
5.401670933e-08
6.519258022e-09
3.352761269e-08
3.073364496e-08
2.607703209e-08
2.700835466e-08
1.676380634e-08
1.396983862e-08
2.887099981e-08
5.587935448e-09
-1.024454832e-08
-3.725290298e-09
1.490116119e-08
1.220032573e-07
1.521781087e-06
1.517124474e-05
0.0001223366708
0.0007918868214
0.004114814103
0.01716399193
0.05747268349
0.1544822752
0.3333264291
0.5773442388
0.8027381301
0.8959565163
0.8027381301
0.5773442388
0.3333263993
0.1544822454
0.05747266486
0.01716399007
0.004114815965
0.0007918747142
0.0001223236322
1.516100019e-05
1.516193151e-06
1.18277967e-07
5.587935448e-09
-6.519258022e-09
8.381903172e-09
1.862645149e-09
-1.210719347e-08
1.11758709e-08
7.450580597e-09
2.328306437e-08
3.166496754e-08
3.911554813e-08
7.264316082e-08
1.862645149e-09
1.862645149e-08
2.328306437e-08
1.490116119e-08
1.11758709e-08
-1.11758709e-08
3.725290298e-09
-5.587935448e-08
-2.607703209e-08
-2.607703209e-08
-2.607703209e-08
3.352761269e-08
3.352761269e-08
4.097819328e-08
6.146728992e-08
8.102506399e-08
0
4.656612873e-08
3.911554813e-08
2.421438694e-08
1.303851604e-08
2.607703209e-08
3.352761269e-08
6.98491931e-08
3.725290298e-08
2.328306437e-08
3.166496754e-08
3.445893526e-08
1.713633537e-07
1.709908247e-06
1.693703234e-05
0.0001365402713
0.0008838465437
0.004592637531
0.01915717125
0.06414672732
0.1724215895
0.3720341623
0.6443886161
0.8959564567
0.9999998808
0.8959565163
0.6443886757
0.3720341027
0.1724215746
0.06414672732
0.01915715821
0.004592633806
0.0008838344365
0.0001365337521
1.693703234e-05
1.700595021e-06
1.583248377e-07
2.607703209e-08
3.352761269e-08
2.700835466e-08
2.980232239e-08
1.396983862e-08
5.587935448e-09
1.769512892e-08
7.450580597e-09
2.607703209e-08
4.656612873e-08
9.033828974e-08
-9.313225746e-10
3.818422556e-08
5.587935448e-08
2.793967724e-08
3.352761269e-08
-1.11758709e-08
3.725290298e-09
-5.587935448e-08
-2.607703209e-08
6.332993507e-08
3.352761269e-08
1.862645149e-08
1.862645149e-08
2.793967724e-08
4.284083843e-08
5.308538675e-08
2.048909664e-08
4.377216101e-08
3.818422556e-08
3.725290298e-08
3.259629011e-08
2.607703209e-08
3.445893526e-08
4.004687071e-08
2.142041922e-08
6.519258022e-09
1.210719347e-08
2.514570951e-08
1.331791282e-07
1.527369022e-06
1.518242061e-05
0.0001223450527
0.0007919007912
0.004114817828
0.01716399938
0.05747268721
0.1544822752
0.3333264291
0.5773442388
0.8027380705
0.8959565163
0.8027381301
0.5773442388
0.3333264291
0.1544822603
0.05747267976
0.01716399752
0.004114829935
0.0007918905467
0.0001223245636
1.516845077e-05
1.523643732e-06
1.238659024e-07
1.11758709e-08
2.793967724e-09
-2.793967724e-09
1.583248377e-08
9.313225746e-10
2.514570951e-08
1.210719347e-08
3.073364496e-08
3.725290298e-08
4.284083843e-08
8.102506399e-08
1.769512892e-08
3.352761269e-08
3.073364496e-08
2.235174179e-08
2.607703209e-08
1.862645149e-08
3.725290298e-09
-2.607703209e-08
3.725290298e-09
3.725290298e-09
3.725290298e-09
1.862645149e-08
1.862645149e-08
3.725290298e-08
3.725290298e-08
4.377216101e-08
0
1.396983862e-08
1.955777407e-08
8.381903172e-09
1.583248377e-08
2.048909664e-08
1.862645149e-08
3.911554813e-08
2.142041922e-08
3.911554813e-08
2.048909664e-08
3.725290298e-08
1.164153218e-07
1.110136509e-06
1.092255116e-05
8.799228817e-05
0.0005695363507
0.002959445119
0.01234467328
0.04133543745
0.1111065298
0.2397345901
0.4152367413
0.5773442388
0.6443886161
0.5773442388
0.4152367711
0.239734605
0.1111065149
0.04133542627
0.01234466583
0.002959451638
0.0005695242435
8.79811123e-05
1.092161983e-05
1.101754606e-06
1.071020961e-07
3.166496754e-08
1.862645149e-08
2.793967724e-08
1.583248377e-08
2.793967724e-08
1.862645149e-09
7.450580597e-09
1.396983862e-08
1.490116119e-08
2.980232239e-08
3.818422556e-08
-9.313225746e-10
2.607703209e-08
2.607703209e-08
3.352761269e-08
2.607703209e-08
1.862645149e-08
-1.11758709e-08
-2.607703209e-08
3.352761269e-08
3.725290298e-09
1.11758709e-08
1.490116119e-08
1.490116119e-08
2.328306437e-08
2.421438694e-08
2.980232239e-08
1.11758709e-08
2.607703209e-08
1.769512892e-08
2.142041922e-08
1.955777407e-08
2.235174179e-08
2.887099981e-08
2.887099981e-08
1.583248377e-08
2.793967724e-09
1.11758709e-08
1.490116119e-08
6.332993507e-08
6.37024641e-07
6.30505383e-06
5.079619586e-05
0.0003288108855
0.001708617434
0.007127114106
0.02386477217
0.06414672732
0.1384094208
0.2397345901
0.3333264291
0.3720341623
0.3333264589
0.2397345901
0.1384094208
0.06414672732
0.02386476472
0.007127111778
0.001708611846
0.000328803435
5.079433322e-05
6.296671927e-06
6.30505383e-07
5.681067705e-08
3.725290298e-09
8.381903172e-09
8.381903172e-09
6.519258022e-09
4.656612873e-09
1.11758709e-08
1.490116119e-08
1.676380634e-08
2.048909664e-08
2.048909664e-08
3.166496754e-08
7.450580597e-09
1.676380634e-08
1.862645149e-08
1.769512892e-08
1.490116119e-08
1.11758709e-08
3.725290298e-09
-1.11758709e-08
2.607703209e-08
2.607703209e-08
1.490116119e-08
1.862645149e-08
1.676380634e-08
1.583248377e-08
1.490116119e-08
1.303851604e-08
6.519258022e-09
8.381903172e-09
8.381903172e-09
1.11758709e-08
9.313225746e-09
1.210719347e-08
1.396983862e-08
1.769512892e-08
1.676380634e-08
8.381903172e-09
1.583248377e-08
1.396983862e-08
3.818422556e-08
3.017485142e-07
2.925284207e-06
2.354569733e-05
0.0001523904502
0.0007918700576
0.003303105943
0.01106027886
0.02972920612
0.06414672732
0.1111065298
0.1544822752
0.1724216044
0.1544822752
0.1111065298
0.06414672732
0.02972920425
0.01106027421
0.003303101286
0.0007918681949
0.000152383931
2.353917807e-05
2.919696271e-06
2.961605787e-07
3.166496754e-08
1.024454832e-08
1.210719347e-08
1.210719347e-08
1.303851604e-08
6.519258022e-09
1.024454832e-08
8.381903172e-09
6.519258022e-09
1.11758709e-08
1.210719347e-08
1.303851604e-08
3.725290298e-09
7.450580597e-09
1.210719347e-08
1.676380634e-08
1.769512892e-08
1.862645149e-08
1.490116119e-08
1.11758709e-08
1.862645149e-08
1.490116119e-08
1.490116119e-08
1.490116119e-08
1.490116119e-08
1.303851604e-08
1.11758709e-08
1.024454832e-08
5.587935448e-09
5.587935448e-09
5.587935448e-09
7.450580597e-09
1.024454832e-08
1.303851604e-08
1.490116119e-08
1.583248377e-08
1.210719347e-08
1.11758709e-08
1.210719347e-08
1.210719347e-08
2.421438694e-08
1.220032573e-07
1.097097993e-06
8.765608072e-06
5.670078099e-05
0.0002946043387
0.001228868961
0.004114801995
0.01106028166
0.0238647759
0.04133543372
0.05747269467
0.06414674222
0.05747269839
0.04133543372
0.02386477403
0.01106027886
0.004114797339
0.001228865236
0.0002946006134
5.669519305e-05
8.761882782e-06
1.093372703e-06
1.173466444e-07
1.955777407e-08
9.313225746e-09
7.450580597e-09
8.381903172e-09
1.024454832e-08
1.11758709e-08
1.024454832e-08
1.024454832e-08
9.313225746e-09
8.381903172e-09
5.587935448e-09
7.450580597e-09
3.725290298e-09
8.381903172e-09
1.11758709e-08
1.396983862e-08
1.583248377e-08
1.490116119e-08
1.490116119e-08
1.210719347e-08
1.396983862e-08
1.490116119e-08
1.303851604e-08
1.303851604e-08
1.303851604e-08
1.11758709e-08
9.313225746e-09
9.313225746e-09
7.450580597e-09
7.450580597e-09
7.450580597e-09
1.024454832e-08
1.210719347e-08
1.024454832e-08
1.024454832e-08
8.381903172e-09
5.587935448e-09
5.587935448e-09
4.656612873e-09
7.450580597e-09
1.11758709e-08
4.097819328e-08
3.296881914e-07
2.61887908e-06
1.693423837e-05
8.798204362e-05
0.0003669979051
0.001228870824
0.003303112462
0.007127124816
0.01234466769
0.01716400124
0.01915718243
0.01716400124
0.01234466583
0.007127120625
0.003303106874
0.001228863373
0.0003669913858
8.797645569e-05
1.692771912e-05
2.61515379e-06
3.259629011e-07
3.632158041e-08
8.381903172e-09
4.656612873e-09
2.793967724e-09
2.793967724e-09
3.725290298e-09
5.587935448e-09
6.519258022e-09
9.313225746e-09
9.313225746e-09
9.313225746e-09
5.587935448e-09
5.587935448e-09
4.656612873e-09
5.587935448e-09
8.381903172e-09
1.11758709e-08
1.490116119e-08
1.490116119e-08
1.490116119e-08
1.303851604e-08
8.381903172e-09
9.313225746e-09
1.024454832e-08
1.024454832e-08
9.313225746e-09
5.587935448e-09
2.793967724e-09
1.862645149e-09
1.862645149e-09
9.313225746e-10
9.313225746e-10
1.862645149e-09
4.656612873e-09
4.656612873e-09
7.450580597e-09
1.024454832e-08
1.303851604e-08
1.676380634e-08
1.862645149e-08
2.048909664e-08
2.048909664e-08
2.514570951e-08
9.126961231e-08
6.379559636e-07
4.066154361e-06
2.109725028e-05
8.798670024e-05
0.0002946071327
0.0007918756455
0.001708625816
0.002959456295
0.004114819691
0.004592654295
0.004114817828
0.002959451638
0.001708622091
0.0007918719202
0.0002946034074
8.798297495e-05
2.109445632e-05
4.06242907e-06
6.342306733e-07
8.847564459e-08
2.235174179e-08
1.955777407e-08
1.955777407e-08
1.862645149e-08
1.769512892e-08
1.490116119e-08
1.490116119e-08
1.303851604e-08
1.11758709e-08
9.313225746e-09
6.519258022e-09
3.725290298e-09
2.793967724e-09
1.862645149e-09
9.313225746e-10
9.313225746e-10
1.862645149e-09
3.725290298e-09
6.519258022e-09
7.450580597e-09
7.450580597e-09
1.583248377e-08
1.396983862e-08
1.396983862e-08
1.210719347e-08
1.024454832e-08
7.450580597e-09
5.587935448e-09
6.519258022e-09
8.381903172e-09
8.381903172e-09
9.313225746e-09
1.024454832e-08
9.313225746e-09
8.381903172e-09
7.450580597e-09
6.519258022e-09
6.519258022e-09
6.519258022e-09
8.381903172e-09
8.381903172e-09
9.313225746e-09
1.210719347e-08
2.421438694e-08
1.285225153e-07
7.878988981e-07
4.066154361e-06
1.693703234e-05
5.670171231e-05
0.0001523969695
0.0003288183361
0.0005695307627
0.0007918709889
0.0008838260546
0.0007918691263
0.0005695289001
0.0003288155422
0.0001523932442
5.66970557e-05
1.693330705e-05
4.059635103e-06
7.832422853e-07
1.238659024e-07
1.862645149e-08
6.519258022e-09
5.587935448e-09
4.656612873e-09
3.725290298e-09
2.793967724e-09
2.793967724e-09
2.793967724e-09
4.656612873e-09
6.519258022e-09
7.450580597e-09
8.381903172e-09
5.587935448e-09
3.725290298e-09
3.725290298e-09
3.725290298e-09
3.725290298e-09
6.519258022e-09
8.381903172e-09
1.11758709e-08
1.396983862e-08
1.583248377e-08
4.656612873e-09
4.656612873e-09
3.725290298e-09
2.793967724e-09
2.793967724e-09
1.862645149e-09
2.793967724e-09
1.862645149e-09
9.313225746e-10
1.862645149e-09
2.793967724e-09
3.725290298e-09
5.587935448e-09
6.519258022e-09
8.381903172e-09
1.210719347e-08
1.396983862e-08
1.676380634e-08
1.676380634e-08
1.676380634e-08
1.676380634e-08
1.676380634e-08
1.862645149e-08
3.352761269e-08
1.350417733e-07
6.407499313e-07
2.629123628e-06
8.770264685e-06
2.355128527e-05
5.080644041e-05
8.799508214e-05
0.000122345984
0.0001365514472
0.0001223469153
8.799508214e-05
5.080457777e-05
2.35484913e-05
8.765608072e-06
2.625398338e-06
6.388872862e-07
1.331791282e-07
3.166496754e-08
1.583248377e-08
1.303851604e-08
1.490116119e-08
1.583248377e-08
1.583248377e-08
1.583248377e-08
1.396983862e-08
1.11758709e-08
9.313225746e-09
7.450580597e-09
5.587935448e-09
3.725290298e-09
1.862645149e-09
0
-9.313225746e-10
0
9.313225746e-10
9.313225746e-10
1.862645149e-09
2.793967724e-09
5.587935448e-09
5.587935448e-09
3.725290298e-09
3.725290298e-09
3.725290298e-09
2.793967724e-09
9.313225746e-10
0
-9.313225746e-10
-2.793967724e-09
-1.862645149e-09
-1.862645149e-09
1.862645149e-09
5.587935448e-09
8.381903172e-09
9.313225746e-09
9.313225746e-09
8.381903172e-09
8.381903172e-09
8.381903172e-09
7.450580597e-09
8.381903172e-09
1.024454832e-08
1.303851604e-08
1.583248377e-08
1.955777407e-08
3.445893526e-08
9.685754776e-08
3.4365803e-07
1.105479896e-06
2.936460078e-06
6.317161024e-06
1.092627645e-05
1.518428326e-05
1.694448292e-05
1.518242061e-05
1.092255116e-05
6.311573088e-06
2.930872142e-06
1.098960638e-06
3.380700946e-07
9.220093489e-08
3.166496754e-08
1.676380634e-08
1.490116119e-08
1.303851604e-08
1.024454832e-08
9.313225746e-09
7.450580597e-09
4.656612873e-09
4.656612873e-09
4.656612873e-09
3.725290298e-09
2.793967724e-09
9.313225746e-10
-1.862645149e-09
-6.519258022e-09
-8.381903172e-09
-8.381903172e-09
-7.450580597e-09
-2.793967724e-09
9.313225746e-10
2.793967724e-09
4.656612873e-09
5.587935448e-09
5.587935448e-09
4.656612873e-09
4.656612873e-09
5.587935448e-09
6.519258022e-09
5.587935448e-09
4.656612873e-09
1.862645149e-09
-9.313225746e-10
-2.793967724e-09
-1.862645149e-09
0
9.313225746e-10
1.862645149e-09
2.793967724e-09
2.793967724e-09
5.587935448e-09
8.381903172e-09
1.024454832e-08
1.210719347e-08
1.396983862e-08
1.396983862e-08
1.676380634e-08
1.862645149e-08
1.955777407e-08
2.421438694e-08
2.980232239e-08
5.49480319e-08
1.285225153e-07
3.06405127e-07
6.388872862e-07
1.093372703e-06
1.513399184e-06
1.686625183e-06
1.511536539e-06
1.091510057e-06
6.360933185e-07
3.036111593e-07
1.238659024e-07
5.029141903e-08
2.700835466e-08
1.955777407e-08
1.676380634e-08
1.303851604e-08
1.210719347e-08
1.11758709e-08
1.210719347e-08
1.210719347e-08
1.11758709e-08
1.024454832e-08
8.381903172e-09
4.656612873e-09
2.793967724e-09
9.313225746e-10
0
0
-9.313225746e-10
0
0
2.793967724e-09
3.725290298e-09
4.656612873e-09
5.587935448e-09
5.587935448e-09
4.656612873e-09
-9.313225746e-10
0
9.313225746e-10
2.793967724e-09
3.725290298e-09
4.656612873e-09
3.725290298e-09
9.313225746e-10
9.313225746e-10
0
0
0
9.313225746e-10
1.862645149e-09
2.793967724e-09
5.587935448e-09
7.450580597e-09
9.313225746e-09
1.024454832e-08
1.210719347e-08
1.303851604e-08
1.583248377e-08
1.862645149e-08
2.048909664e-08
2.328306437e-08
2.235174179e-08
2.607703209e-08
3.073364496e-08
4.377216101e-08
6.98491931e-08
1.052394509e-07
1.37835741e-07
1.499429345e-07
1.37835741e-07
1.052394509e-07
6.98491931e-08
4.284083843e-08
2.887099981e-08
2.235174179e-08
1.955777407e-08
1.955777407e-08
1.676380634e-08
1.490116119e-08
1.303851604e-08
1.210719347e-08
1.11758709e-08
1.024454832e-08
9.313225746e-09
7.450580597e-09
5.587935448e-09
2.793967724e-09
9.313225746e-10
0
-9.313225746e-10
0
0
9.313225746e-10
1.862645149e-09
3.725290298e-09
4.656612873e-09
2.793967724e-09
2.793967724e-09
9.313225746e-10
0
2.793967724e-09
1.862645149e-09
1.862645149e-09
3.725290298e-09
4.656612873e-09
5.587935448e-09
5.587935448e-09
2.793967724e-09
9.313225746e-10
-9.313225746e-10
0
-9.313225746e-10
0
1.862645149e-09
2.793967724e-09
6.519258022e-09
8.381903172e-09
1.11758709e-08
1.303851604e-08
1.303851604e-08
1.303851604e-08
1.210719347e-08
1.396983862e-08
1.583248377e-08
1.862645149e-08
2.048909664e-08
2.235174179e-08
2.421438694e-08
2.607703209e-08
2.700835466e-08
2.793967724e-08
2.980232239e-08
3.073364496e-08
3.166496754e-08
2.980232239e-08
2.793967724e-08
2.514570951e-08
2.235174179e-08
2.048909664e-08
1.769512892e-08
1.583248377e-08
1.396983862e-08
1.303851604e-08
1.210719347e-08
1.303851604e-08
1.490116119e-08
1.396983862e-08
1.210719347e-08
1.024454832e-08
7.450580597e-09
3.725290298e-09
3.725290298e-09
1.862645149e-09
9.313225746e-10
9.313225746e-10
9.313225746e-10
1.862645149e-09
3.725290298e-09
5.587935448e-09
5.587935448e-09
5.587935448e-09
4.656612873e-09
3.725290298e-09
3.725290298e-09
-9.313225746e-10
-9.313225746e-10
0
1.862645149e-09
2.793967724e-09
4.656612873e-09
5.587935448e-09
3.725290298e-09
1.862645149e-09
0
-1.862645149e-09
-1.862645149e-09
9.313225746e-10
4.656612873e-09
8.381903172e-09
1.210719347e-08
1.396983862e-08
1.583248377e-08
1.769512892e-08
1.862645149e-08
2.048909664e-08
2.235174179e-08
2.421438694e-08
2.607703209e-08
2.607703209e-08
2.514570951e-08
2.328306437e-08
2.235174179e-08
2.142041922e-08
2.048909664e-08
2.142041922e-08
2.421438694e-08
2.514570951e-08
2.514570951e-08
2.235174179e-08
2.048909664e-08
1.955777407e-08
1.955777407e-08
2.048909664e-08
2.235174179e-08
2.421438694e-08
2.421438694e-08
2.235174179e-08
2.048909664e-08
1.955777407e-08
1.769512892e-08
1.769512892e-08
1.583248377e-08
1.396983862e-08
1.210719347e-08
8.381903172e-09
3.725290298e-09
1.862645149e-09
-1.862645149e-09
-1.862645149e-09
0
0
2.793967724e-09
4.656612873e-09
3.725290298e-09
2.793967724e-09
1.862645149e-09
9.313225746e-10
0
4.656612873e-09
2.793967724e-09
2.793967724e-09
2.793967724e-09
2.793967724e-09
6.519258022e-09
8.381903172e-09
7.450580597e-09
7.450580597e-09
6.519258022e-09
4.656612873e-09
1.862645149e-09
-9.313225746e-10
-9.313225746e-10
0
2.793967724e-09
5.587935448e-09
9.313225746e-09
1.210719347e-08
1.490116119e-08
1.769512892e-08
2.048909664e-08
2.235174179e-08
2.235174179e-08
2.421438694e-08
2.328306437e-08
2.328306437e-08
2.607703209e-08
2.793967724e-08
2.887099981e-08
3.073364496e-08
3.352761269e-08
3.632158041e-08
3.632158041e-08
3.632158041e-08
3.632158041e-08
3.632158041e-08
3.445893526e-08
3.073364496e-08
2.793967724e-08
2.607703209e-08
2.142041922e-08
1.769512892e-08
1.490116119e-08
1.024454832e-08
8.381903172e-09
7.450580597e-09
6.519258022e-09
5.587935448e-09
3.725290298e-09
9.313225746e-10
-1.862645149e-09
-4.656612873e-09
-1.862645149e-09
1.862645149e-09
5.587935448e-09
9.313225746e-09
8.381903172e-09
6.519258022e-09
1.862645149e-09
0
9.313225746e-10
2.793967724e-09
5.587935448e-09
