0
0.004081055056
0.01726074331
0.04958154634
0.1720883846
0.6893848181
2.242396593
4.90395546
6.674954414
5.688948631
4.456049919
5.688949585
6.674954414
4.903953075
2.242394209
0.6893842816
0.1720883846
0.04958203435
0.01726074331
0.004081055056
0.004081055056
0.008117675781
0.02116699331
0.05328027532
0.1755156368
0.6924998164
2.245185375
4.906438828
6.677186966
5.69101572
4.458059788
5.691016674
6.677186966
4.906436443
2.245183468
0.69249928
0.1755156368
0.05328027532
0.02116699331
0.008117187768
0.01726074331
0.02116748132
0.03383398429
0.06533594429
0.1867729574
0.702834487
2.254557133
4.914904594
6.684908867
5.698248386
4.465120792
5.698249817
6.684908867
4.914902687
2.254555225
0.7028340101
0.1867729574
0.06533594429
0.03383447602
0.02116699331
0.04958105832
0.05328027532
0.06533496082
0.09585742652
0.2160146534
0.7305935621
2.280763388
4.939646721
6.708444595
5.720987797
4.487582207
5.720989227
6.708444595
4.93964386
2.280760765
0.7305930257
0.2160146534
0.09585742652
0.06533496082
0.0532797873
0.1720878929
0.1755161285
0.1867724657
0.2160146534
0.3344922066
0.8471179605
2.395234585
5.052173615
6.819364548
5.830844402
4.597066402
5.830845356
6.819364548
5.05217123
2.395231962
0.8471174836
0.3344922066
0.2160146534
0.1867724657
0.1755156368
0.6893842816
0.6925000548
0.7028337717
0.7305933237
0.8471174836
1.357462764
2.903168678
5.557815075
7.323101997
6.333317757
5.099096298
6.333319187
7.323101997
5.557813168
2.903166294
1.357462168
0.847117722
0.7305933237
0.7028340101
0.6924995184
2.242396593
2.245186329
2.254557371
2.280764103
2.395234585
2.903169155
4.446313858
7.098510265
8.861753464
7.870606899
6.63590765
7.870608807
8.861753464
7.098508358
4.446311474
2.903168917
2.395234823
2.280764103
2.254557371
2.245185852
4.903954506
4.906438828
4.914904594
4.939646721
5.052173615
5.557815075
7.098510265
9.748351097
11.50961876
10.51715279
9.281989098
10.51715374
11.50961876
9.74834919
7.098507881
5.557814598
5.052173615
4.939646721
4.914904594
4.906437874
6.674954414
6.677187443
6.68490839
6.708445072
6.819364548
7.323101997
8.86175251
11.50961876
13.26922321
12.27564144
11.04008484
12.27564335
13.26922321
11.50961781
8.861750603
7.323101997
6.819364548
6.708444595
6.684909344
6.677186966
5.688947678
5.69101572
5.698247433
5.720987797
5.830843925
6.333317757
7.870606899
10.51715183
12.27564144
11.28131008
10.0454874
11.28131104
12.27564144
10.51714993
7.870604515
6.33331728
5.830843925
5.720987797
5.69824791
5.691014767
4.456049919
4.458059788
4.465120792
4.487582684
4.597066879
5.099097252
6.63590765
9.281989098
11.04008484
10.04548836
8.80957222
10.04548931
11.04008484
9.28198719
6.635905743
5.099096775
4.597066879
4.487582207
4.465120792
4.458059788
5.688949585
5.691017151
5.698248863
5.720989227
5.830845356
6.333319187
7.870607853
10.51715279
12.27564335
11.28131104
10.04548931
11.28131294
12.27564335
10.51715088
7.870605469
6.33331871
5.830844879
5.720989227
5.698248863
5.691016197
6.674953461
6.677186489
6.684907436
6.708444118
6.819363594
7.323101044
8.861751556
11.50961781
13.26922226
12.27564049
11.04008389
12.27564144
13.26922226
11.5096159
8.861749649
7.323101044
6.819363594
6.708443642
6.68490839
6.677186012
4.903952122
4.906436443
4.914902687
4.939644337
5.05217123
5.557812691
7.098507881
9.74834919
11.50961685
10.51715088
9.28198719
10.51715088
11.50961685
9.748347282
7.09850502
5.557812691
5.05217123
4.939644337
4.914902687
4.906435966
2.242394209
2.245183706
2.254554749
2.280761242
2.395231962
2.903166533
4.446311474
7.098508358
8.861750603
7.870604515
6.635905266
7.870605946
8.861750603
7.098505497
4.446308613
2.903166056
2.395231962
2.28076148
2.254554749
2.245183229
0.6893842816
0.6925000548
0.7028337717
0.7305933237
0.8471174836
1.357462764
2.903168678
5.557815075
7.323101997
6.333317757
5.099096298
6.333319187
7.323101997
5.557813168
2.903166294
1.357462168
0.847117722
0.7305933237
0.7028340101
0.6924995184
0.1720883846
0.1755166054
0.1867724657
0.2160151452
0.3344922066
0.8471179605
2.395234585
5.052174091
6.819364548
5.830844879
4.597066879
5.830845833
6.819364548
5.052171707
2.395232201
0.8471174836
0.3344922066
0.2160146534
0.1867724657
0.1755156368
0.04958105832
0.05328027532
0.06533447653
0.09585742652
0.2160146534
0.7305930257
2.280763149
4.939646244
6.708444595
5.720987797
4.487582207
5.72098875
6.708444118
4.93964386
2.280760765
0.7305925488
0.2160146534
0.09585693479
0.06533496082
0.0532797873
0.01726074331
0.02116699331
0.03383398429
0.06533545256
0.1867724657
0.702834487
2.254557133
4.914904118
6.68490839
5.698248386
4.465120792
5.69824934
6.684908867
4.91490221
2.254554987
0.7028340101
0.1867729574
0.06533545256
0.03383398429
0.02116699331
0.004081055056
0.008118164726
0.02116699331
0.05328027532
0.1755161285
0.6924998164
2.245185852
4.906438828
6.677186966
5.69101572
4.458059788
5.691017151
6.677186966
4.90643692
2.245183706
0.69249928
0.1755166054
0.05328027532
0.02116699331
0.008117187768
0.004081055056
0.008118164726
0.02116699331
0.05328027532
0.1755166054
0.6925002933
2.245186329
4.906438828
6.677186966
5.691016197
4.458059788
5.691016674
6.677186966
4.906436443
2.245183945
0.6924998164
0.1755166054
0.05328027532
0.02116699331
0.008117675781
0.008118164726
0.01210791059
0.02501904406
0.05691113696
0.1788584143
0.6955080628
2.247844696
4.908766747
6.679244041
5.692893982
4.459875107
5.692895412
6.679244041
4.908764839
2.247842073
0.695507586
0.1788584143
0.05691113696
0.02501904406
0.01210742258
0.02116796933
0.02501953207
0.03752441704
0.06876562536
0.1898603588
0.7055217624
2.256821156
4.91676569
6.686436653
5.699553967
4.466348648
5.69955492
6.686436653
4.916763783
2.25681901
0.7055212855
0.1898603588
0.06876562536
0.03752441704
0.02501953207
0.05328027532
0.05691113696
0.06876464933
0.09896142781
0.2186850756
0.7327512503
2.28237319
4.940728188
6.709083557
5.721330166
4.487820625
5.72133112
6.709083557
4.94072628
2.282370806
0.7327507734
0.2186850756
0.09896142781
0.06876464933
0.05691113696
0.1755156368
0.1788584143
0.1898598671
0.2186855525
0.3366025686
0.8485574126
2.395946026
5.052175045
6.81876421
5.829838276
4.595917225
5.829839706
6.81876421
5.052173138
2.395943642
0.8485569358
0.3366025686
0.2186855525
0.1898598671
0.1788584143
0.6925000548
0.6955078244
0.7055208087
0.7327512503
0.8485574126
1.358030558
2.90277791
5.556476593
7.320951462
6.330615044
5.096198559
6.330616474
7.320951462
5.556474686
2.902775764
1.358030081
0.8485571742
0.7327512503
0.7055208087
0.6955073476
2.24518609
2.247844696
2.256821394
2.282373905
2.395946503
2.902778387
4.444694996
7.095663548
8.857841492
7.86596632
6.631006718
7.865967274
8.857840538
7.09566164
4.444692612
2.90277791
2.395946503
2.282373905
2.256821394
2.247844458
4.906438351
4.908767223
4.91676569
4.940728664
5.052175522
5.556477547
7.095663548
9.743977547
11.50391006
10.51052284
9.275030136
10.5105238
11.50391006
9.743975639
7.095661163
5.556476593
5.052175522
4.940728664
4.91676569
4.908766747
6.677186966
6.679244518
6.686435699
6.709084034
6.818764687
7.320951462
8.857840538
11.50391006
13.26193047
12.26725101
11.03129864
12.26725197
13.26193047
11.50390911
8.857838631
7.320951462
6.818764687
6.709083557
6.686436653
6.679244041
5.691014767
5.692893982
5.699553013
5.721330166
5.829837322
6.330615044
7.865965366
10.51052284
12.26725006
11.27169228
10.035429
11.27169418
12.26725006
10.51052094
7.865963459
6.330614567
5.829837799
5.721330166
5.699553013
5.692893505
4.458060265
4.45987606
4.466349602
4.487821579
4.595917702
5.096199036
6.631007195
9.275030136
11.03129959
10.03542995
8.799057007
10.03543091
11.03129959
9.275028229
6.63100481
5.096198559
4.595917702
4.487821579
4.466349602
4.45987606
5.69101572
5.692894936
5.699553967
5.72133112
5.829838753
6.330615997
7.86596632
10.5105238
12.26725101
11.27169418
10.03542995
11.27169514
12.26725101
10.51052189
7.865963936
6.33061552
5.829838753
5.72133112
5.699553967
5.692894459
6.677186489
6.679244041
6.686435699
6.709083557
6.81876421
7.320951462
8.857840538
11.50390911
13.26193047
12.26725006
11.03129768
12.26725101
13.26192951
11.50390816
8.857838631
7.320950508
6.81876421
6.709082603
6.686435699
6.679243565
4.906436443
4.908765316
4.916763783
4.940726757
5.052173615
5.556475163
7.09566164
9.743975639
11.50390816
10.51052094
9.275028229
10.51052189
11.50390816
9.743973732
7.095659256
5.556474686
5.052173615
4.940726757
4.916763783
4.908764839
2.245183706
2.247842073
2.25681901
2.282371521
2.39594388
2.902776003
4.444692612
7.095660686
8.857838631
7.865963936
6.631004333
7.865965366
8.857838631
7.095658302
4.444690228
2.902775526
2.39594388
2.282371521
2.25681901
2.247841835
0.6925000548
0.6955078244
0.7055208087
0.7327512503
0.8485574126
1.358030558
2.90277791
5.556476593
7.320951462
6.330615044
5.096198559
6.330616474
7.320951462
5.556474686
2.902775764
1.358030081
0.8485571742
0.7327512503
0.7055208087
0.6955073476
0.1755161285
0.1788584143
0.1898598671
0.2186855525
0.3366025686
0.848557651
2.395946503
5.052175522
6.81876421
5.829838276
4.595917225
5.829840183
6.81876421
5.052173615
2.395944118
0.8485571742
0.3366025686
0.2186855525
0.1898603588
0.1788584143
0.05328027532
0.05691113696
0.06876464933
0.09896142781
0.2186850756
0.7327512503
2.28237319
4.940728188
6.709083557
5.721330166
4.487820625
5.72133112
6.709083557
4.94072628
2.282370806
0.7327507734
0.2186850756
0.09896142781
0.06876464933
0.05691113696
0.02116796933
0.02501953207
0.03752441704
0.06876562536
0.1898603588
0.7055217624
2.256821156
4.91676569
6.686436653
5.699553967
4.466348648
5.69955492
6.686436653
4.916763783
2.25681901
0.7055212855
0.1898603588
0.06876562536
0.03752441704
0.02501953207
0.008118164726
0.0121083986
0.02501904406
0.05691113696
0.1788584143
0.6955080628
2.247844458
4.908766747
6.679244041
5.692893982
4.459875107
5.692895889
6.679244041
4.908764839
2.247842073
0.695507586
0.1788584143
0.05691113696
0.02501904406
0.01210742258
0.01726025529
0.02116699331
0.03383300826
0.06533496082
0.1867724657
0.7028342485
2.254557133
4.914904594
6.68490839
5.698248386
4.465120792
5.69824934
6.68490839
4.914902687
2.254554987
0.7028337717
0.1867724657
0.06533496082
0.03383300826
0.02116699331
0.02116699331
0.02501904406
0.03752344102
0.06876464933
0.1898593903
0.7055205703
2.25682044
4.916765213
6.686435699
5.699553013
4.466348171
5.699554443
6.686435699
4.916762829
2.256818295
0.7055200338
0.1898593903
0.06876464933
0.03752344102
0.02501855604
0.03383398429
0.03752441704
0.04955078289
0.08002246171
0.2001015693
0.7145732641
2.264612436
4.923355579
6.692025661
5.704478741
4.471040726
5.704479694
6.692025661
4.923353195
2.264610529
0.7145727873
0.2001015693
0.08002246171
0.04955078289
0.03752344102
0.06533496082
0.06876514107
0.08002197742
0.1092509851
0.2276826352
0.7402160764
2.288190842
4.944954395
6.711969376
5.723318577
4.489492416
5.723320007
6.711969376
4.944952488
2.288188696
0.7402155995
0.2276826352
0.1092509851
0.08002197742
0.06876464933
0.1867724657
0.1898593903
0.2001006007
0.2276821434
0.3439189494
0.8538523316
2.399034739
5.053101063
6.817844868
5.827671051
4.593307972
5.827672005
6.817844868
5.053098679
2.399032593
0.8538518548
0.3439189494
0.2276821434
0.2001006007
0.1898593903
0.7028335333
0.7055202723
0.7145723104
0.7402155995
0.8538516164
1.360676527
2.902490139
5.553269386
7.315220833
6.323162079
5.088131428
6.323163509
7.315220833
5.553267002
2.902487993
1.36067605
0.8538518548
0.7402153611
0.7145723104
0.7055200338
2.254556894
2.256821156
2.264612436
2.288191319
2.399034977
2.902490854
4.440611839
7.087747574
8.846572876
7.852385044
6.616599083
7.852386951
8.846572876
7.087745667
4.440609455
2.902490377
2.399035215
2.28819108
2.264612436
2.25682044
4.914903641
4.91676569
4.923354626
4.944954395
5.053101063
5.553268909
7.087747097
9.731245995
11.48691559
10.4905653
9.254005432
10.49056625
11.48691559
9.731244087
7.087744713
5.553268909
5.053101063
4.944954395
4.923354626
4.916764736
6.684908867
6.686436176
6.692025661
6.711970806
6.817845345
7.31522131
8.846572876
11.48691654
13.23982525
12.24156284
11.00431919
12.24156475
13.2398243
11.48691463
8.846570969
7.315220833
6.817845821
6.711969852
6.692026138
6.686436176
5.698247433
5.69955349
5.704478264
5.723318577
5.827671051
6.323161602
7.852384567
10.4905653
12.24156284
11.24197388
10.00425243
11.24197483
12.24156284
10.49056339
7.852382183
6.323161602
5.827671051
5.723318577
5.704478264
5.699553013
4.465120792
4.466348648
4.471040249
4.48949337
4.593308449
5.088131905
6.616599083
9.254006386
11.00431919
10.00425339
8.766359329
10.00425434
11.00431919
9.254004478
6.616596699
5.088131428
4.593308449
4.48949337
4.471040249
4.466348648
5.698248863
5.69955492
5.704479218
5.72331953
5.827672005
6.323163033
7.852385998
10.49056625
12.2415638
11.24197483
10.00425434
11.24197578
12.24156284
10.49056435
7.85238409
6.323163033
5.827672005
5.72331953
5.704479694
5.699553967
6.68490839
6.686436176
6.692025185
6.711969852
6.817844868
7.315220833
8.846571922
11.48691654
13.2398243
12.24156284
11.00431919
12.24156475
13.23982334
11.48691463
8.846570015
7.315220356
6.817844868
6.711969376
6.692025661
6.686435699
4.914901733
4.916763783
4.923352718
4.944952488
5.053098679
5.553267002
7.08774519
9.731244087
11.48691368
10.49056339
9.254003525
10.49056435
11.48691368
9.731241226
7.087742329
5.553267002
5.053098679
4.944952488
4.923352718
4.916762829
2.25455451
2.256818771
2.264610052
2.288188934
2.399032593
2.90248847
4.440609455
7.08774519
8.846570015
7.85238266
6.616597176
7.85238409
8.846570015
7.087742329
4.440607071
2.902487993
2.399032831
2.288188696
2.264610052
2.256818056
0.7028335333
0.7055202723
0.7145723104
0.7402153611
0.8538516164
1.360676527
2.902490139
5.553269386
7.315220833
6.323162079
5.088131428
6.323163509
7.315220833
5.553267479
2.902487993
1.36067605
0.8538518548
0.7402153611
0.7145723104
0.7055200338
0.1867724657
0.1898593903
0.2001006007
0.2276821434
0.3439189494
0.8538523316
2.399034739
5.053101063
6.817844868
5.827671051
4.593307972
5.827672005
6.817844868
5.053098679
2.399032593
0.8538518548
0.3439189494
0.2276821434
0.2001006007
0.1898593903
0.06533496082
0.06876514107
0.08002197742
0.1092509851
0.2276826352
0.7402160764
2.288190842
4.944954395
6.711969376
5.723318577
4.489492416
5.723320007
6.711969376
4.944952488
2.288188696
0.7402155995
0.2276826352
0.1092509851
0.08002197742
0.06876464933
0.03383349627
0.03752441704
0.04955078289
0.08002246171
0.2001010776
0.7145727873
2.264612436
4.923355579
6.692025661
5.704478741
4.471040249
5.704479694
6.692025661
4.923353195
2.264610052
0.7145723104
0.2001010776
0.08002246171
0.04955078289
0.03752344102
0.02116699331
0.02501855604
0.03752344102
0.06876464933
0.1898588985
0.7055205703
2.25682044
4.916764736
6.686435699
5.699553013
4.466348171
5.699553967
6.686435699
4.916762829
2.256818056
0.7055200338
0.1898588985
0.06876464933
0.03752344102
0.02501855604
0.04958105832
0.05328027532
0.06533496082
0.09585742652
0.2160141766
0.7305930257
2.280763149
4.939646244
6.708444595
5.720987797
4.487582207
5.72098875
6.708444595
4.93964386
2.280760765
0.7305925488
0.2160146534
0.09585693479
0.06533496082
0.05328027532
0.05328027532
0.05691113696
0.06876464933
0.09896094352
0.2186845839
0.7327512503
2.282372713
4.940727711
6.709083557
5.721330166
4.487820625
5.72133112
6.709083557
4.940725803
2.282370567
0.7327507734
0.2186850756
0.09896094352
0.06876464933
0.05691113696
0.06533496082
0.06876562536
0.08002246171
0.1092509851
0.2276826352
0.7402160764
2.28819108
4.944954395
6.711968899
5.723318577
4.489492416
5.723320484
6.711969376
4.944952488
2.288188934
0.7402155995
0.2276826352
0.1092509851
0.08002246171
0.06876464933
0.09585742652
0.09896191955
0.1092509851
0.1369013786
0.2532158196
0.7632190585
2.30845356
4.962548256
6.727300167
5.737124443
4.50275898
5.737125397
6.727300167
4.962546349
2.308451414
0.7632185221
0.2532158196
0.1369013786
0.1092509851
0.09896142781
0.2160141766
0.2186850756
0.2276826352
0.2532158196
0.3666640818
0.8732092977
2.414655447
5.065015793
6.826568604
5.834218025
4.599080563
5.834219456
6.826568604
5.065013885
2.41465354
0.8732087612
0.3666640818
0.2532158196
0.2276826352
0.2186845839
0.7305927873
0.7327514887
0.740215838
0.7632187605
0.8732089996
1.375526428
2.912272692
5.557930946
7.315398693
6.320243359
5.084104061
6.320244789
7.315398693
5.557929039
2.912270546
1.375525951
0.8732089996
0.7632187605
0.7402160764
0.7327510118
2.280763388
2.282373428
2.288190842
2.308454037
2.414655924
2.912273169
4.443707943
7.083958149
8.836651802
7.838178158
6.600845337
7.838179111
8.836651802
7.083956242
4.443705082
2.912273169
2.414655924
2.308454037
2.288190842
2.282372952
4.939645767
4.940727711
4.944954395
4.962548256
5.065015793
5.557931423
7.083957195
9.71860218
11.46626377
10.46424866
9.225633621
10.46424961
11.46626377
9.718600273
7.083955288
5.557930946
5.065015793
4.962548256
4.944954395
4.940727711
6.708444118
6.709084034
6.711969376
6.727301121
6.82656908
7.315399647
8.836652756
11.46626377
13.20934391
12.20406628
10.96426392
12.20406723
13.20934391
11.46626282
8.836649895
7.315398693
6.82656908
6.727300644
6.711969852
6.709083557
5.72098732
5.721330166
5.723318577
5.737124443
5.834217548
6.320243359
7.838177204
10.46424866
12.20406532
11.19644642
9.955787659
11.19644737
12.20406532
10.46424675
7.838175297
6.320243359
5.834218025
5.737124443
5.7233181
5.721330166
4.487582207
4.487821102
4.489492416
4.50275898
4.599080563
5.084104538
6.60084486
9.225634575
10.96426296
9.955788612
8.714817047
9.955789566
10.96426296
9.225632668
6.600842953
5.084104061
4.599080563
4.50275898
4.489492416
4.487820625
5.72098875
5.72133112
5.72331953
5.737125397
5.834218979
6.320244789
7.838178635
10.46424961
12.20406723
11.19644737
9.955789566
11.19644833
12.20406723
10.4642477
7.83817625
6.320244312
5.834218979
5.737125397
5.72331953
5.72133112
6.708443165
6.709082603
6.711968422
6.727300167
6.826568127
7.315398693
8.836650848
11.46626377
13.20934296
12.20406532
10.96426201
12.20406723
13.209342
11.46626186
8.836648941
7.315397739
6.826568127
6.72729969
6.711968899
6.709082127
4.93964386
4.94072628
4.944952488
4.962546349
5.065013885
5.557929516
7.083955288
9.718600273
11.46626186
10.46424675
9.225632668
10.46424866
11.46626186
9.718598366
7.083953381
5.557929516
5.065013885
4.962546349
4.944952488
4.940725803
2.280760765
2.282370806
2.288188457
2.308451414
2.41465354
2.912270784
4.443705082
7.083955288
8.836649895
7.838175297
6.600842953
7.838176727
8.836649895
7.083953381
4.443702698
2.912270546
2.41465354
2.308451414
2.288188457
2.282370329
0.7305927873
0.7327514887
0.740215838
0.7632187605
0.8732089996
1.375526428
2.912272692
5.557930946
7.315398693
6.320243359
5.084104061
6.320244789
7.315398693
5.557929039
2.912270546
1.375525951
0.8732089996
0.7632187605
0.7402160764
0.7327510118
0.2160141766
0.2186850756
0.2276821434
0.2532158196
0.3666640818
0.8732092977
2.414655447
5.065015793
6.826568604
5.834218025
4.599080563
5.834219456
6.826568604
5.065013885
2.414653301
0.8732087612
0.3666640818
0.2532153428
0.2276821434
0.2186845839
0.09585693479
0.09896142781
0.1092504933
0.1369008869
0.2532148659
0.7632185221
2.308453321
4.962547779
6.727300167
5.737123966
4.502758503
5.737125397
6.72729969
4.962545872
2.308450937
0.7632180452
0.2532153428
0.1369008869
0.1092509851
0.09896094352
0.06533496082
0.06876562536
0.08002246171
0.1092509851
0.2276826352
0.7402160764
2.28819108
4.944954395
6.711968899
5.723318577
4.489492416
5.723320484
6.711969376
4.944952488
2.288188934
0.7402155995
0.2276826352
0.1092509851
0.08002246171
0.06876464933
0.0532797873
0.05691113696
0.06876416504
0.09896094352
0.2186845839
0.7327510118
2.282372475
4.940727711
6.709082603
5.721329689
4.487820625
5.72133112
6.709082603
4.940725803
2.282370329
0.732750535
0.2186845839
0.09896094352
0.06876416504
0.05691064894
0.1720883846
0.1755166054
0.1867724657
0.2160146534
0.3344922066
0.8471179605
2.395234585
5.052173615
6.819364071
5.830843925
4.597065926
5.830845356
6.819364071
5.05217123
2.395231962
0.8471174836
0.3344922066
0.2160146534
0.1867724657
0.1755161285
0.1755166054
0.1788584143
0.1898598671
0.2186850756
0.3366025686
0.848557651
2.395946026
5.052175045
6.81876421
5.829838276
4.595917225
5.82983923
6.81876421
5.052173138
2.395943403
0.8485571742
0.3366025686
0.2186855525
0.1898598671
0.1788584143
0.1867729574
0.1898603588
0.2001015693
0.227683112
0.3439199328
0.8538528085
2.399035215
5.05310154
6.817845345
5.827671528
4.593308449
5.827672958
6.817845345
5.053099155
2.39903307
0.8538523316
0.3439199328
0.227683112
0.200102061
0.1898598671
0.2160146534
0.2186855525
0.2276826352
0.2532158196
0.3666640818
0.8732095361
2.414655685
5.065015793
6.826568604
5.834218025
4.599080086
5.834218979
6.826568604
5.065013885
2.414653301
0.8732089996
0.3666640818
0.2532158196
0.227683112
0.2186855525
0.3344917297
0.3366025686
0.3439189494
0.3666640818
0.4762754142
0.9780906439
2.514234781
5.159248352
6.916124344
5.920547009
4.684254646
5.920548916
6.916124344
5.159246445
2.514232635
0.9780901074
0.4762751758
0.3666640818
0.3439189494
0.3366025686
0.847117722
0.8485574126
0.8538518548
0.8732092977
0.9780904055
1.473969579
3.003319025
5.641329288
7.391958714
6.39200449
5.154131413
6.392006397
7.391958237
5.641327381
3.003317118
1.473969102
0.9780904055
0.8732092977
0.8538520932
0.8485571742
2.395234585
2.395946503
2.399035215
2.414655924
2.51423502
3.003319502
4.524701595
7.154291153
8.897234917
7.891802788
6.651934147
7.891804218
8.897234917
7.154288769
4.524698734
3.003319502
2.51423502
2.414655924
2.399034739
2.395946026
5.052173138
5.052175045
5.053101063
5.065015793
5.159248352
5.641329765
7.154290199
9.77475071
11.50917149
10.49757099
9.255435944
10.49757195
11.50917149
9.774748802
7.154288292
5.641329765
5.159248352
5.065015793
5.053101063
5.052174568
6.819364071
6.818764687
6.817844868
6.82656908
6.916124344
7.39195919
8.897233963
11.50917053
13.23549747
12.21797371
10.97365475
12.21797562
13.23549747
11.50916862
8.897232056
7.391958237
6.916124821
6.826568604
6.817845821
6.81876421
5.830843449
5.829837322
5.827670574
5.834218025
5.920547009
6.39200449
7.891801834
10.49757099
12.21797371
11.19609356
9.950167656
11.19609451
12.21797371
10.49756813
7.891798973
6.392004013
5.920547009
5.834217548
5.827670574
5.829837322
4.597066402
4.595916748
4.593307972
4.599080086
4.684254169
5.154131889
6.651933193
9.255436897
10.97365475
9.950167656
8.703648567
9.95016861
10.97365475
9.25543499
6.651930809
5.154131413
4.684254169
4.599080086
4.593307972
4.595916271
5.830844879
5.829838753
5.827671528
5.834218979
5.920547962
6.392005444
7.891803265
10.49757195
12.21797371
11.19609451
9.95016861
11.19609642
12.21797371
10.49756908
7.89180088
6.392005444
5.920547962
5.834218979
5.827671528
5.829838276
6.819363594
6.818763733
6.817843914
6.826568604
6.916124344
7.391958237
8.897233009
11.50917053
13.23549747
12.21797371
10.97365379
12.21797371
13.23549652
11.50916862
8.897231102
7.391958237
6.916124344
6.826568604
6.817844868
6.818763733
5.05217123
5.052173138
5.053098202
5.065013885
5.159245968
5.641327858
7.154288292
9.774748802
11.50916958
10.49756908
9.255434036
10.49757004
11.50916862
9.774745941
7.154286385
5.641327381
5.159245968
5.065013409
5.053097725
5.052172661
2.395231962
2.395943642
2.399032354
2.41465354
2.514232397
3.003317118
4.524698257
7.154288292
8.897232056
7.891800404
6.651931286
7.891801357
8.897231102
7.154286385
4.52469635
3.003316641
2.514232635
2.414653301
2.399032354
2.395943165
0.847117722
0.8485574126
0.8538518548
0.8732092977
0.9780906439
1.473969579
3.003319025
5.641329288
7.391958714
6.39200449
5.154131413
6.392006397
7.391958237
5.641327381
3.003316879
1.473969102
0.9780904055
0.8732092977
0.8538520932
0.8485571742
0.3344922066
0.3366025686
0.343919456
0.3666640818
0.4762756526
0.9780911207
2.514235258
5.159248352
6.916124821
5.920547485
4.684255123
5.920548916
6.916124821
5.159246445
2.514232874
0.9780906439
0.4762756526
0.3666640818
0.343919456
0.3366025686
0.2160146534
0.2186855525
0.2276826352
0.2532158196
0.3666640818
0.8732092977
2.414655447
5.065015793
6.826568604
5.834217548
4.599080086
5.834218979
6.826568604
5.065013885
2.414653301
0.8732087612
0.3666640818
0.2532158196
0.2276826352
0.2186850756
0.1867724657
0.1898598671
0.2001010776
0.2276826352
0.3439199328
0.8538523316
2.399034739
5.053101063
6.817844868
5.827671051
4.593307972
5.827672482
6.817844868
5.053098679
2.399032593
0.8538518548
0.343919456
0.2276826352
0.2001015693
0.1898593903
0.1755166054
0.1788588911
0.1898598671
0.2186855525
0.3366030455
0.848557651
2.395946503
5.052175522
6.81876421
5.829838276
4.595917225
5.829839706
6.81876421
5.052173138
2.39594388
0.8485571742
0.3366025686
0.2186855525
0.1898598671
0.1788584143
0.6893840432
0.6925000548
0.7028340101
0.7305927873
0.8471172452
1.357462525
2.903168201
5.557814598
7.323101044
6.33331728
5.099095821
6.33331871
7.323101044
5.557812691
2.903166056
1.357461929
0.8471172452
0.7305927873
0.7028342485
0.6924995184
0.6924995184
0.695507586
0.7055205703
0.7327512503
0.8485569358
1.358030081
2.902777433
5.556476593
7.320950508
6.330615044
5.096198082
6.330616474
7.320950985
5.556474686
2.902775288
1.358029604
0.8485566974
0.7327510118
0.7055208087
0.6955073476
0.7028335333
0.7055210471
0.7145730257
0.7402163148
0.8538520932
1.360677123
2.902490377
5.553269386
7.315220833
6.323162079
5.088131428
6.323163509
7.315220833
5.553267479
2.902487993
1.360676527
0.8538520932
0.7402163148
0.7145730257
0.7055210471
0.7305927873
0.7327514887
0.7402163148
0.7632192969
0.8732095361
1.375526428
2.912273169
5.557931423
7.31539917
6.320243359
5.084104061
6.320244789
7.31539917
5.557929516
2.912270546
1.375525951
0.8732095361
0.7632192969
0.7402163148
0.7327512503
0.8471174836
0.8485574126
0.8538520932
0.8732095361
0.9780901074
1.47396934
3.003318548
5.641329765
7.391958714
6.39200449
5.154130936
6.392006397
7.391958714
5.641327858
3.003316402
1.473968863
0.9780904055
0.8732095361
0.8538520932
0.8485571742
1.357461929
1.358030081
1.360676289
1.375526428
1.47396934
1.9615345
3.481056213
6.108603001
7.849619865
6.842785835
5.60240078
6.842787266
7.849619865
6.108600616
3.481054068
1.961534023
1.47396934
1.37552619
1.360676289
1.358029842
2.90316844
2.90277791
2.902490377
2.912273169
3.003319025
3.481056452
4.988573551
7.602906704
9.331443787
8.315505981
7.071767807
8.315507889
9.331443787
7.60290432
4.988571167
3.481056213
3.003319025
2.912273407
2.902490377
2.902777433
5.557814598
5.556476593
5.553268909
5.557931423
5.641329765
6.108602524
7.60290575
10.20224667
11.91632652
10.88974857
9.642083168
10.88974953
11.91632652
10.20224476
7.602903366
6.108602524
5.641329288
5.557931423
5.553268909
5.556476116
7.323101997
7.320951939
7.315220833
7.315399647
7.39195919
7.849620342
9.331443787
11.91632652
13.61637974
12.57955742
11.32815266
12.57955933
13.61637878
11.91632557
9.331441879
7.849620342
7.39195919
7.315399647
7.31522131
7.320951462
6.333316803
6.330614567
6.323161602
6.320244312
6.39200449
6.842785358
8.315505981
10.88974857
12.57955647
11.53542614
10.28141212
11.53542805
12.57955647
10.88974667
8.315504074
6.842784882
6.39200449
6.320243359
6.323162556
6.330614567
5.099096775
5.096199036
5.088131428
5.084104538
5.154131889
5.60240078
7.071767807
9.642083168
11.32815266
10.28141403
9.026486397
10.28141499
11.32815266
9.642081261
7.0717659
5.60240078
5.154131889
5.084104538
5.088131428
5.096198559
6.333318233
6.330616474
6.323163033
6.320245266
6.392006397
6.842786789
8.315506935
10.88974953
12.57955837
11.53542805
10.28141499
11.535429
12.57955742
10.88974762
8.315505028
6.842786312
6.392006397
6.320244789
6.323163509
6.33061552
7.323101521
7.320951462
7.315220833
7.315399647
7.39195919
7.849620342
9.331443787
11.91632652
13.61637878
12.57955742
11.32815266
12.57955837
13.61637783
11.91632462
9.331441879
7.849619389
7.391958714
7.315398693
7.315220833
7.320950985
5.557812691
5.556474686
5.553267002
5.557929516
5.641327858
6.108600616
7.602903843
10.20224476
11.91632462
10.88974667
9.642081261
10.88974762
11.91632462
10.20224285
7.602901459
6.108600616
5.641327381
5.557929516
5.553267002
5.556474209
2.903166056
2.902775764
2.902488232
2.912270784
3.003316879
3.481054306
4.988571167
7.602903843
9.331441879
8.315504074
7.0717659
8.315505981
9.331441879
7.602901936
4.988568783
3.481053829
3.003316879
2.912270784
2.902488232
2.902775049
1.357461929
1.358030081
1.360676289
1.37552619
1.47396934
1.9615345
3.481055975
6.108602524
7.849619865
6.842785358
5.60240078
6.842787266
7.849619865
6.108599663
3.481053829
1.961534023
1.473969102
1.375525951
1.360676289
1.358029604
0.8471174836
0.8485574126
0.8538523316
0.8732095361
0.9780904055
1.47396934
3.003319025
5.641329765
7.39195919
6.39200449
5.154130936
6.392006397
7.39195919
5.641327858
3.003316641
1.473968863
0.9780904055
0.8732095361
0.8538523316
0.8485571742
0.7305925488
0.7327512503
0.740215838
0.7632187605
0.8732089996
1.37552619
2.912272692
5.557930946
7.315398693
6.320243359
5.084103584
6.320244312
7.315398693
5.557929039
2.912270546
1.375525713
0.8732089996
0.7632187605
0.740215838
0.7327510118
0.7028337717
0.7055210471
0.7145732641
0.7402168512
0.8538523316
1.360677361
2.902490616
5.553269386
7.31522131
6.323162079
5.088131905
6.323163509
7.31522131
5.553267479
2.902488232
1.360676765
0.8538523316
0.7402163148
0.7145732641
0.7055210471
0.6924995184
0.6955078244
0.7055208087
0.7327514887
0.8485569358
1.358030081
2.902777672
5.556476593
7.320950985
6.330615044
5.096198082
6.330616474
7.320951462
5.556474686
2.902775288
1.358029604
0.8485569358
0.7327512503
0.7055210471
0.6955073476
2.242396593
2.245186329
2.254557133
2.280763865
2.395234346
2.903168917
4.446313858
7.098510265
8.86175251
7.870606899
6.63590765
7.870607853
8.86175251
7.098508358
4.446311474
2.903168678
2.395234585
2.280763865
2.254557133
2.245185614
2.245185614
2.247844219
2.25682044
2.282372952
2.395946026
2.90277791
4.444694519
7.095663548
8.857840538
7.865965843
6.631006241
7.865967274
8.857840538
7.09566164
4.444692135
2.902777433
2.395946026
2.282372952
2.256820917
2.247843742
2.25455761
2.256821871
2.264612913
2.288191557
2.399035215
2.902490854
4.440611362
7.087747574
8.846572876
7.852385044
6.616598606
7.852386475
8.846572876
7.087745667
4.440609455
2.902490377
2.399035454
2.288191557
2.264612913
2.256821156
2.280763388
2.282373428
2.288190842
2.308454037
2.414655685
2.912273169
4.443707943
7.083958149
8.836651802
7.838178158
6.600845337
7.838179111
8.836651802
7.083956242
4.443705082
2.912273169
2.414655924
2.308454037
2.28819108
2.282372952
2.395234346
2.395946026
2.399034739
2.414655924
2.514234781
3.003319025
4.524701118
7.154291153
8.897234917
7.891802311
6.651934147
7.891803741
8.897234917
7.154288769
4.524698257
3.003319025
2.514234781
2.414655685
2.399034739
2.395945787
2.903168678
2.902778149
2.902490377
2.912273407
3.003319025
3.481056452
4.988573551
7.602906704
9.331443787
8.315505981
7.071767807
8.315507889
9.331443787
7.602904797
4.988571167
3.481056213
3.003319025
2.912273407
2.902490377
2.902777672
4.446313858
4.444694996
4.440611362
4.44370842
4.524701118
4.988573551
6.478443623
9.072628021
10.78167152
9.751383781
8.502355576
9.751385689
10.78167152
9.07262516
6.478441715
4.988573551
4.524701118
4.44370842
4.440611362
4.444694519
7.098510265
7.095663071
7.087747097
7.083958626
7.154290676
7.602906704
9.072627068
11.64326954
13.32960224
12.28303432
11.02816772
12.28303528
13.32960224
11.64326859
9.07262516
7.60290575
7.154290676
7.083958149
7.087747574
7.095662594
8.861753464
8.857842445
8.846572876
8.836652756
8.897234917
9.331443787
10.78167152
13.32960224
14.99507713
13.93492413
12.67561626
13.93492603
14.99507713
13.32960033
10.78166962
9.331443787
8.897234917
8.836652756
8.846572876
8.857841492
7.870605946
7.86596489
7.852383614
7.838177204
7.891801834
8.315505981
9.751382828
12.28303337
13.93492413
12.86755753
11.60643768
12.86755943
13.93492413
12.28303146
9.75138092
8.315505981
7.891802311
7.838176727
7.852384567
7.86596489
6.63590765
6.631006718
6.616598129
6.600845814
6.651933193
7.071768761
8.502355576
11.02816677
12.67561626
11.60643768
10.3450861
11.60643959
12.67561626
11.02816582
8.502353668
7.071767807
6.651934147
6.600845337
6.616599083
6.631006241
7.870607376
7.86596632
7.852384567
7.838178635
7.891803265
8.315507889
9.751385689
12.28303528
13.93492508
12.86755943
11.60643959
12.86756039
13.93492413
12.28303337
9.751381874
8.315506935
7.891803265
7.838178635
7.852385998
7.86596632
8.86175251
8.857840538
8.846570969
8.836651802
8.897233963
9.331443787
10.78167057
13.32960033
14.99507618
13.93492317
12.67561531
13.93492413
14.99507523
13.32959938
10.78166866
9.331443787
8.897233963
8.836650848
8.846571922
8.857840538
7.098508358
7.095661163
7.087744713
7.083956242
7.154288292
7.602903843
9.07262516
11.64326572
13.32960033
12.28303146
11.02816486
12.28303337
13.32959938
11.64326477
9.072622299
7.602903843
7.154288292
7.083955765
7.08774519
7.095660686
4.446311474
4.444692612
4.440609455
4.443705559
4.524698257
4.988571167
6.478441238
9.07262516
10.78166962
9.75138092
8.502353668
9.751382828
10.78166962
9.072623253
6.478439331
4.988571167
4.524698257
4.443705082
4.440609455
4.444692135
2.903168678
2.90277791
2.902490377
2.912273169
3.003319025
3.481056213
4.988573551
7.602906227
9.331443787
8.315505981
7.071767807
8.315507889
9.331443787
7.60290432
4.988571167
3.481056213
3.003319025
2.912273169
2.902490377
2.902777433
2.395234346
2.395946026
2.399034739
2.414655924
2.514234781
3.003319263
4.524701118
7.154291153
8.897234917
7.891802311
6.651934147
7.891803741
8.897234917
7.154288769
4.524698257
3.003319025
2.51423502
2.414655685
2.399034739
2.395945787
2.280763388
2.282373428
2.288190842
2.308454037
2.414655685
2.912273169
4.443707943
7.083958149
8.836651802
7.838178158
6.600845337
7.838179111
8.836651802
7.083956242
4.443705082
2.912273169
2.414655924
2.308454037
2.28819108
2.282372952
2.254557371
2.256821394
2.264612913
2.288191319
2.399034977
2.902490377
4.440611362
7.087747574
8.846572876
7.852384567
6.616598129
7.852385998
8.846572876
7.087745667
4.440608978
2.902490377
2.399035215
2.288191319
2.264612913
2.256820917
2.245185375
2.247843742
2.25682044
2.282372713
2.395945311
2.902777433
4.444694519
7.095663071
8.857840538
7.865965366
6.631006241
7.865966797
8.857840538
7.095661163
4.444692135
2.902777433
2.395945787
2.282372713
2.256820679
2.247843266
4.903954506
4.906438351
4.914904118
4.939646244
5.052173138
5.557815075
7.098510265
9.748350143
11.50961781
10.51715183
9.281988144
10.51715279
11.50961781
9.748348236
7.098507881
5.557814598
5.052173138
4.939646244
4.914904118
4.906437874
4.906437874
4.908766747
4.916764736
4.940727711
5.052175045
5.556476593
7.095662594
9.743977547
11.50391006
10.51052189
9.275029182
10.5105238
11.50391006
9.743975639
7.095660686
5.556476593
5.052175045
4.940727711
4.916764736
4.90876627
4.914904118
4.91676569
4.923354626
4.944954395
5.053101063
5.553269386
7.08774662
9.731245995
11.48691559
10.4905653
9.254004478
10.49056625
11.48691559
9.731244087
7.087744713
5.553268909
5.053101063
4.944954395
4.923354626
4.916765213
4.939646244
4.940727711
4.944954395
4.962548256
5.065015793
5.557931423
7.083957672
9.71860218
11.46626377
10.46424866
9.225633621
10.46424961
11.46626377
9.718600273
7.083955288
5.557931423
5.065015793
4.962548256
4.944954395
4.940727711
5.052173138
5.052175045
5.053101063
5.065015793
5.159247875
5.641329288
7.154290199
9.77475071
11.50917149
10.49757099
9.255435944
10.49757195
11.50917149
9.774748802
7.154288292
5.641329288
5.159247875
5.065015793
5.053100109
5.052174568
5.557814598
5.556476593
5.553267956
5.557930946
5.641329288
6.108602524
7.60290575
10.20224667
11.91632652
10.88974857
9.642083168
10.88975048
11.91632652
10.20224476
7.602903843
6.108602524
5.641329765
5.557930946
5.553268433
5.556476593
7.098510265
7.095663071
7.08774662
7.083958149
7.154290676
7.602906704
9.072627068
11.64326954
13.32960224
12.28303432
11.02816772
12.28303528
13.32960224
11.64326859
9.07262516
7.60290575
7.154290676
7.083958149
7.087747097
7.095662594
9.748350143
9.743976593
9.731245041
9.71860218
9.774749756
10.20224667
11.64326859
14.18066692
15.83717346
14.77203941
13.51139355
14.77204132
15.83717251
14.18066597
11.64326572
10.20224667
9.77475071
9.71860218
9.731245995
9.743976593
11.50961876
11.50391197
11.48691463
11.46626377
11.50917149
11.91632652
13.3296032
15.83717251
17.47304153
16.40230942
15.1424408
16.40231323
17.47304153
15.8371706
13.32959938
11.91632652
11.50917244
11.46626377
11.48691654
11.50391102
10.51715088
10.51052284
10.49056339
10.46424866
10.49757099
10.88974857
12.28303337
14.77203941
16.40230942
15.34088898
14.08834457
15.34088993
16.40230942
14.77203751
12.28303146
10.88974857
10.49757099
10.4642477
10.49056339
10.51052189
9.281988144
9.275029182
9.254005432
9.225635529
9.255435944
9.642084122
11.02816677
13.5113945
15.14244175
14.08834553
12.8404398
14.08834648
15.1424408
13.51139355
11.02816486
9.642084122
9.255436897
9.225634575
9.254006386
9.275029182
10.51715279
10.5105238
10.4905653
10.46424961
10.49757195
10.88974857
12.28303432
14.77204037
16.40230942
15.34088993
14.08834648
15.34089088
16.40230942
14.77203846
12.28303242
10.88974857
10.49757195
10.46424866
10.4905653
10.51052284
11.50961781
11.50391102
11.48691463
11.46626282
11.50917053
11.91632652
13.32960224
15.83717155
17.47304153
16.40230942
15.14243984
16.40231133
17.47303963
15.83716965
13.32959843
11.91632652
11.50917244
11.46626282
11.48691463
11.50390911
9.74834919
9.743976593
9.731244087
9.718600273
9.774748802
10.20224476
11.64326572
14.18066597
15.83717155
14.77203846
13.51139259
14.77203941
15.83717155
14.18066502
11.64326382
10.20224476
9.774748802
9.718600273
9.731244087
9.743975639
7.098507881
7.095661163
7.087744713
7.083956242
7.154288292
7.602903843
9.07262516
11.64326668
13.32960033
12.28303146
11.02816486
12.28303337
13.32959938
11.64326477
9.072622299
7.602903843
7.154288292
7.083955288
7.087744713
7.09566021
5.557814598
5.556476593
5.553267956
5.557930946
5.641329288
6.108602524
7.60290575
10.20224667
11.91632652
10.88974857
9.642083168
10.88975048
11.91632652
10.20224476
7.602903843
6.108602524
5.641329765
5.557930946
5.553268433
5.556476593
5.052173138
5.052175045
5.053101063
5.06501627
5.159248352
5.641329765
7.154290676
9.77475071
11.50917149
10.49757099
9.255436897
10.49757195
11.50917149
9.774748802
7.154288292
5.641329765
5.159248352
5.065015793
5.053101063
5.052175045
4.939645767
4.940727711
4.944953918
4.962547779
5.065015316
5.557930946
7.083957195
9.71860218
11.46626377
10.46424866
9.225633621
10.46424961
11.46626377
9.718600273
7.083954811
5.557930946
5.065015316
4.962547779
4.944953918
4.940727234
4.914904594
4.91676569
4.923355103
4.944954395
5.053101063
5.553269386
7.087747097
9.731245995
11.48691654
10.4905653
9.254005432
10.49056625
11.48691654
9.731244087
7.087744713
5.553269386
5.053101063
4.944954395
4.923355103
4.91676569
4.906437874
4.908766747
4.916764736
4.940727711
5.052175045
5.556476593
7.095662594
9.743977547
11.50391006
10.51052189
9.275029182
10.5105238
11.50391006
9.743975639
7.095660686
5.556476593
5.052175045
4.940727711
4.916764736
4.90876627
6.674953938
6.677187443
6.68490839
6.708444595
6.819364548
7.323101997
8.86175251
11.50961781
13.26922321
12.27564144
11.04008484
12.27564335
13.26922226
11.50961685
8.861750603
7.323101044
6.819364548
6.708444118
6.684908867
6.677186966
6.677186489
6.679243565
6.686435223
6.709083557
6.81876421
7.320951462
8.857840538
11.50391006
13.26193047
12.26725101
11.03129959
12.26725197
13.26193047
11.50390816
8.857838631
7.320950508
6.81876421
6.709082127
6.686435699
6.679243088
6.68490839
6.686436176
6.692025661
6.711970329
6.817845345
7.315220833
8.846571922
11.48691559
13.23982334
12.24156284
11.00431824
12.24156284
13.23982334
11.48691463
8.846570015
7.315220356
6.817844868
6.711969852
6.692026138
6.686436176
6.708444118
6.709084034
6.711969376
6.727301121
6.826568604
7.315399647
8.836652756
11.46626377
13.20934391
12.20406628
10.96426392
12.20406723
13.20934391
11.46626282
8.836649895
7.315398693
6.82656908
6.727300644
6.711969852
6.709083557
6.819363594
6.818763733
6.817843914
6.826568127
6.916123867
7.391958237
8.897233963
11.50917053
13.23549747
12.21797371
10.97365379
12.21797371
13.23549652
11.50916862
8.897231102
7.391958237
6.916124344
6.826568127
6.817844868
6.818763733
7.323101521
7.320951462
7.315219879
7.315398693
7.391958714
7.849620342
9.331443787
11.91632557
13.61637783
12.57955742
11.32815266
12.57955837
13.61637783
11.91632462
9.331441879
7.849619389
7.391958714
7.315398693
7.315220356
7.320950985
8.86175251
8.857840538
8.846570969
8.836651802
8.897234917
9.331443787
10.78167057
13.32960129
14.99507618
13.93492413
12.67561626
13.93492603
14.99507523
13.32959938
10.78166866
9.331443787
8.897234917
8.836650848
8.846571922
8.857840538
11.50961685
11.50391006
11.48691273
11.46626186
11.50916958
11.91632462
13.32960033
15.8371706
17.47303963
16.40230751
15.14243889
16.40230942
17.47303963
15.83716869
13.32959747
11.91632462
11.50917053
11.46626186
11.48691463
11.50390911
13.26922321
13.26193047
13.2398243
13.20934582
13.23549652
13.61637974
14.99507618
17.47304153
19.10693359
18.06325531
16.82157135
18.06325722
19.10693359
17.47303963
14.99507332
13.61637974
13.23549747
13.20934391
13.2398243
13.26192951
12.27564144
12.26725101
12.24156094
12.20406628
12.2179718
12.57955742
13.93492413
16.40230942
18.06325531
17.0778141
15.8684864
17.07781601
18.06325531
16.40230942
13.93492126
12.57955742
12.21797371
12.20406532
12.24156094
12.26724815
11.04008389
11.03129959
11.00431824
10.96426296
10.97365475
11.32815266
12.67561626
15.1424408
16.82157135
15.8684864
14.6764431
15.86848736
16.82157135
15.14243889
12.67561436
11.32815266
10.97365475
10.96426296
11.00431919
11.03129864
12.27564335
12.26725292
12.24156284
12.20406818
12.21797466
12.57955933
13.93492603
16.40231133
18.06325722
17.07781601
15.86848831
17.07781792
18.06325722
16.40230942
13.93492317
12.57955933
12.21797562
12.20406723
12.24156284
12.26725101
13.26922131
13.26193047
13.23982334
13.20934391
13.23549557
13.61637783
14.99507523
17.47303963
19.10693169
18.0632534
16.82156944
18.06325531
19.10693169
17.47303963
14.99507236
13.61637783
13.23549652
13.20934296
13.23982334
13.26192856
11.5096159
11.50390911
11.48691273
11.46626091
11.50916862
11.91632462
13.32959938
15.8371706
17.47303963
16.40230751
15.14243793
16.40230942
17.47303772
15.83716774
13.32959652
11.91632462
11.50916958
11.46625996
11.48691273
11.5039072
8.861749649
8.857838631
8.846569061
8.836648941
8.897232056
9.331441879
10.78166866
13.32959843
14.99507332
13.93492222
12.67561436
13.93492317
14.99507332
13.32959747
10.78166676
9.331441879
8.897232056
8.836648941
8.846569061
8.857838631
7.323101521
7.320951462
7.315219879
7.315398693
7.391958714
7.849620342
9.331443787
11.91632557
13.61637783
12.57955742
11.32815266
12.57955837
13.61637783
11.91632462
9.331441879
7.849619389
7.391958714
7.315398693
7.315220356
7.320950985
6.819363594
6.81876421
6.817844868
6.826568604
6.916124344
7.39195919
8.897233963
11.50917149
13.23549843
12.21797371
10.97365475
12.21797562
13.23549747
11.50916958
8.897232056
7.391958237
6.916124344
6.82656765
6.817844868
6.81876421
6.708443642
6.709083557
6.711968899
6.727300644
6.826568604
7.315398693
8.836651802
11.46626377
13.20934391
12.20406628
10.96426296
12.20406723
13.20934296
11.46626186
8.836649895
7.315398693
6.826568604
6.727300167
6.711969376
6.709083557
6.68490839
6.686436176
6.692025661
6.711970329
6.817845345
7.315220833
8.846571922
11.48691559
13.23982334
12.24156284
11.00431824
12.24156284
13.23982334
11.48691463
8.846570015
7.315220356
6.817844868
6.711969852
6.692026138
6.686436176
6.677186489
6.679243565
6.686435223
6.709083557
6.81876421
7.320951462
8.857840538
11.50391006
13.26193047
12.26725101
11.03129959
12.26725197
13.26193047
11.50390816
8.857838631
7.320950508
6.81876421
6.709082127
6.686435699
6.679243088
5.688948631
5.691016197
5.698248386
5.72098875
5.830844402
6.333318233
7.870607376
10.51715279
12.27564144
11.28131008
10.0454874
11.28131104
12.27564144
10.51715088
7.870604992
6.333317757
5.830844402
5.72098875
5.698248863
5.69101572
5.691016197
5.692894936
5.699553967
5.72133112
5.829838753
6.330615997
7.86596632
10.5105238
12.26725101
11.27169418
10.03542995
11.27169418
12.26725101
10.51052094
7.865963936
6.33061552
5.829838753
5.72133112
5.699553967
5.692894459
5.698248863
5.69955492
5.704479694
5.723320007
5.827672005
6.323162556
7.852385521
10.49056625
12.24156284
11.24197483
10.00425243
11.24197578
12.24156284
10.49056339
7.852383137
6.323162556
5.827672005
5.72331953
5.704479694
5.699554443
5.72098875
5.721331596
5.72331953
5.737125397
5.834218979
6.320244789
7.838179111
10.46424961
12.20406723
11.19644737
9.955789566
11.19644928
12.20406723
10.4642477
7.838176727
6.320244312
5.834218979
5.737125397
5.72331953
5.72133112
5.830844879
5.829838753
5.827672005
5.834218979
5.920547485
6.392004967
7.891802311
10.49757099
12.21797371
11.19609356
9.950167656
11.19609451
12.21797371
10.49756908
7.891800404
6.392004967
5.920547962
5.834218979
5.827672005
5.829838276
6.333317757
6.33061552
6.323162079
6.320244312
6.392004967
6.842785835
8.315505981
10.88974857
12.57955742
11.53542709
10.28141403
11.53542805
12.57955742
10.88974667
8.315504074
6.842785358
6.392004967
6.320243359
6.323162556
6.330614567
7.870607853
7.865967274
7.852385521
7.838178635
7.891802788
8.315506935
9.751382828
12.28303337
13.93492413
12.86755848
11.60643768
12.86755943
13.93492413
12.28303146
9.75138092
8.315506935
7.891802788
7.838178158
7.852385998
7.86596632
10.51715279
10.5105238
10.4905653
10.46424961
10.49757099
10.88974857
12.28303432
14.77203941
16.40230942
15.34088898
14.08834553
15.34089088
16.40230942
14.77203846
12.28303146
10.88974857
10.49757195
10.46424866
10.4905653
10.5105238
12.27564335
12.26725292
12.2415638
12.20406914
12.21797466
12.57955933
13.93492603
16.40231133
18.06325531
17.07781601
15.86848736
17.07781792
18.06325531
16.40230942
13.93492317
12.57955933
12.21797562
12.20406723
12.2415638
12.26725101
11.28130913
11.27169228
11.24197292
11.19644642
11.19609261
11.53542614
12.86755848
15.34088993
17.0778141
16.21892166
15.07614136
16.21892548
17.0778141
15.34088802
12.86755466
11.53542614
11.19609451
11.19644642
11.24197388
11.27169132
10.0454874
10.03542995
10.00425339
9.955789566
9.95016861
10.28141499
11.60643768
14.08834648
15.8684864
15.07614326
13.96764088
15.07614517
15.8684864
14.08834457
11.60643578
10.28141499
9.95016861
9.955789566
10.00425339
10.03542995
11.28131104
11.27169418
11.24197388
11.19644737
11.19609356
11.53542805
12.86755943
15.34089088
17.07781601
16.21892357
15.07614326
16.21892548
17.0778141
15.34088898
12.86755562
11.53542805
11.19609451
11.19644737
11.24197483
11.27169228
12.27564144
12.26725101
12.24156189
12.20406723
12.2179718
12.57955742
13.93492413
16.40230942
18.06325531
17.0778141
15.86848545
17.07781601
18.06325531
16.40230751
13.93492126
12.57955742
12.21797371
12.20406532
12.24156189
12.26724815
10.51715088
10.51052284
10.49056435
10.46424866
10.49757004
10.88974762
12.28303337
14.77203941
16.40230942
15.34088898
14.08834457
15.34088993
16.40230942
14.77203751
12.28303051
10.88974762
10.49757099
10.46424675
10.49056435
10.51052189
7.870605946
7.865964413
7.852383137
7.83817625
7.89180088
8.315505028
9.751381874
12.28303146
13.93492222
12.86755657
11.60643578
12.86755753
13.93492222
12.28303051
9.751379013
8.315505028
7.891801357
7.838175774
7.852383614
7.865964413
6.333317757
6.33061552
6.323162079
6.320244312
6.392004967
6.842785835
8.315505981
10.88974857
12.57955742
11.53542709
10.28141403
11.53542805
12.57955742
10.88974762
8.315504074
6.842785358
6.392004967
6.320243359
6.323162556
6.330614567
5.830844402
5.829838276
5.827672005
5.834218979
5.920547485
6.392004967
7.891802788
10.49757099
12.21797371
11.19609451
9.95016861
11.19609547
12.21797371
10.49756908
7.891800404
6.392004967
5.920547485
5.834218979
5.827672005
5.829838276
5.72098875
5.72133112
5.72331953
5.737125397
5.834218979
6.320244312
7.838178158
10.46424961
12.20406628
11.19644737
9.955789566
11.19644833
12.20406628
10.4642477
7.83817625
6.320243835
5.834218979
5.737125397
5.72331953
5.72133112
5.698248863
5.69955492
5.704479694
5.723320007
5.827672005
6.323162556
7.852385521
10.4905653
12.24156284
11.24197483
10.00425243
11.24197578
12.24156284
10.49056339
7.852383137
6.323162556
5.827672005
5.723320007
5.704479694
5.699554443
5.69101572
5.692894459
5.69955349
5.72133112
5.829838276
6.33061552
7.865965843
10.51052284
12.26725006
11.27169323
10.035429
11.27169418
12.26725101
10.51052094
7.865963459
6.330615044
5.829838276
5.721330643
5.699553967
5.692893982
4.456050396
4.458061218
4.465121269
4.48758316
4.597066879
5.099097729
6.635908127
9.281990051
11.04008484
10.04548836
8.80957222
10.04549026
11.04008484
9.28198719
6.635905743
5.099097252
4.597066879
4.48758316
4.465121269
4.458060741
4.458060265
4.45987606
4.466349602
4.487821579
4.595917225
5.096199036
6.631006718
9.275030136
11.03129959
10.03542995
8.799057007
10.03543091
11.03129959
9.275028229
6.631004333
5.096198559
4.595917225
4.487821579
4.466349602
4.459875584
4.465121746
4.466349602
4.471041203
4.489493847
4.593309402
5.088132381
6.616599083
9.254006386
11.00432014
10.00425339
8.766359329
10.00425529
11.00432014
9.254004478
6.616597176
5.088131905
4.593308926
4.489493847
4.471041203
4.466349602
4.48758316
4.487823009
4.489494324
4.50276041
4.59908247
5.084105968
6.600846767
9.225635529
10.96426487
9.95579052
8.714818954
9.955791473
10.96426487
9.225633621
6.60084486
5.084105492
4.59908247
4.50276041
4.489494324
4.487822533
4.597066879
4.595917702
4.593308926
4.599081993
4.684255123
5.154132366
6.651934147
9.255437851
10.9736557
9.95016861
8.703648567
9.950170517
10.9736557
9.255435944
6.651931763
5.154131889
4.684255123
4.599081993
4.593308926
4.595917225
5.099096775
5.096199036
5.088131905
5.084104538
5.154132366
5.602401257
7.071768761
9.642084122
11.32815266
10.28141499
9.02648735
10.28141689
11.32815266
9.642082214
7.071766376
5.602401257
5.154132366
5.084104538
5.088131905
5.096198559
6.635908127
6.631007195
6.616599083
6.600846291
6.651934147
7.071768761
8.502355576
11.02816772
12.67561722
11.60643768
10.34508705
11.60643959
12.67561626
11.02816677
8.502353668
7.071768761
6.651934147
6.600845814
6.616599083
6.631006718
9.281989098
9.275030136
9.254005432
9.225635529
9.255436897
9.642084122
11.02816677
13.51139545
15.14244175
14.08834648
12.8404398
14.08834743
15.14244175
13.51139355
11.02816486
9.642084122
9.255436897
9.225635529
9.254006386
9.275030136
11.04008484
11.03129959
11.00431919
10.96426392
10.9736557
11.32815266
12.67561722
15.14244175
16.82157135
15.86848736
14.67644405
15.86848927
16.82157135
15.14243984
12.67561531
11.32815266
10.9736557
10.96426392
11.00432014
11.03129959
10.0454874
10.03542995
10.00425339
9.955789566
9.95016861
10.28141499
11.60643768
14.08834553
15.8684864
15.07614326
13.96764088
15.07614517
15.8684864
14.08834457
11.60643578
10.28141499
9.95016861
9.955789566
10.00425339
10.03542995
8.80957222
8.799057007
8.766361237
8.714818954
8.703649521
9.02648735
10.34508705
12.8404417
14.67644596
13.96764183
12.90181541
13.96764278
14.67644596
12.8404398
10.34508514
9.02648735
8.703649521
8.714818954
8.76636219
8.799056053
10.04548836
10.03543186
10.00425434
9.95579052
9.950169563
10.28141499
11.60643864
14.08834648
15.86848736
15.07614422
13.96764088
15.07614517
15.86848736
14.08834553
11.60643673
10.28141499
9.950169563
9.95579052
10.00425434
10.03543091
11.04008484
11.03129959
11.00431919
10.96426392
10.9736557
11.32815266
12.67561722
15.14244175
16.82157135
15.86848736
14.67644405
15.86848927
16.82157135
15.14243984
12.67561531
11.32815266
10.9736557
10.96426392
11.00432014
11.03129959
9.28198719
9.275028229
9.254004478
9.225633621
9.25543499
9.642082214
11.02816677
13.51139355
15.14243984
14.08834457
12.84043884
14.08834553
15.14243984
13.51139164
11.02816391
9.642082214
9.255435944
9.225633621
9.254004478
9.275028229
6.635905743
6.63100481
6.616596222
6.600843906
6.651931286
7.071766376
8.502353668
11.02816486
12.67561436
11.60643578
10.34508419
11.60643768
12.67561436
11.02816391
8.502351761
7.0717659
6.651931286
6.60084343
6.616597176
6.631004333
5.099096775
5.096199036
5.088131905
5.084104538
5.154132366
5.602401257
7.071768761
9.642084122
11.32815266
10.28141499
9.02648735
10.28141689
11.32815266
9.642082214
7.071766376
5.602401257
5.154132366
5.084104538
5.088131905
5.096198559
4.597066879
4.595917702
4.593308926
4.599081993
4.684255123
5.154132366
6.651934147
9.255437851
10.9736557
9.95016861
8.703648567
9.950170517
10.9736557
9.255435944
6.651931763
5.154131889
4.684255123
4.599081993
4.593308926
4.595917225
4.487582684
4.487822533
4.48949337
4.502759933
4.599081993
5.084105492
6.600845814
9.225635529
10.96426392
9.955789566
8.714818954
9.955791473
10.96426392
9.225633621
6.600843906
5.084105015
4.599081993
4.502759933
4.48949337
4.487821579
4.465122223
4.466350079
4.471041679
4.489494324
4.593309879
5.088132858
6.616600037
9.254007339
11.00432014
10.00425434
8.766361237
10.00425625
11.0043211
9.254005432
6.616597652
5.088132381
4.593309879
4.489494324
4.471042156
4.466349602
4.458060265
4.45987606
4.466349602
4.487821579
4.595917225
5.096199036
6.631006718
9.275030136
11.03129959
10.03542995
8.799057007
10.03543091
11.03129959
9.275028229
6.631004333
5.096198559
4.595917225
4.487821579
4.466349602
4.459875107
5.688949108
5.691016674
5.698248386
5.72098875
5.830843925
6.333317757
7.870606899
10.51715279
12.27564144
11.28131104
10.04548836
11.28131199
12.27564144
10.51715088
7.870604992
6.333317757
5.830844402
5.72098875
5.698248863
5.691016197
5.691016674
5.692894936
5.699553967
5.72133112
5.829838753
6.330615997
7.86596632
10.51052284
12.26725101
11.27169323
10.03542995
11.27169418
12.26725101
10.51052094
7.865963936
6.33061552
5.829838753
5.72133112
5.699553967
5.692894936
5.698248863
5.69955492
5.704479694
5.723320007
5.827672005
6.323162556
7.852385521
10.49056625
12.24156284
11.24197483
10.00425243
11.24197483
12.24156284
10.49056339
7.852383137
6.323162556
5.827672005
5.72331953
5.704479694
5.699554443
5.72098875
5.721332073
5.72331953
5.737125397
5.834218979
6.320244789
7.838179111
10.46424961
12.20406723
11.19644737
9.955789566
11.19644833
12.20406723
10.4642477
7.838176727
6.320244312
5.834218979
5.737125397
5.72331953
5.721331596
5.830844402
5.829838276
5.827672005
5.834218979
5.920547485
6.392004967
7.891802788
10.49757099
12.21797371
11.19609451
9.95016861
11.19609547
12.21797371
10.49756908
7.891800404
6.392004967
5.920547485
5.834218979
5.827672005
5.829838276
6.333317757
6.33061552
6.323162079
6.320244312
6.392004967
6.842785835
8.315505981
10.88974857
12.57955742
11.53542614
10.28141403
11.53542805
12.57955742
10.88974667
8.315504074
6.842785358
6.392004967
6.320243359
6.323162556
6.330615044
7.870607376
7.865966797
7.852385044
7.838178158
7.891802788
8.315506935
9.751382828
12.28303337
13.93492413
12.86755848
11.60643768
12.86755943
13.93492413
12.28303242
9.75138092
8.315506935
7.891802788
7.838178158
7.852385521
7.86596632
10.51715279
10.5105238
10.4905653
10.46424961
10.49757099
10.88974857
12.28303432
14.77203941
16.40230942
15.34088898
14.08834553
15.34089088
16.40230942
14.77203846
12.28303146
10.88974857
10.49757195
10.46424866
10.4905653
10.5105238
12.27564335
12.26725292
12.2415638
12.20406914
12.21797562
12.57955933
13.93492603
16.40231133
18.06325531
17.07781601
15.86848736
17.07781792
18.06325531
16.40230942
13.93492317
12.57955933
12.21797562
12.20406723
12.2415638
12.26725101
11.28130913
11.27169323
11.24197292
11.19644737
11.19609261
11.53542614
12.86755753
15.34088898
17.0778141
16.21891975
15.07614136
16.21892357
17.0778141
15.34088707
12.86755466
11.53542614
11.19609451
11.19644737
11.24197388
11.27169228
10.0454874
10.03542995
10.00425339
9.955789566
9.95016861
10.28141499
11.60643768
14.08834648
15.8684864
15.07614326
13.96764088
15.07614517
15.8684864
14.08834457
11.60643578
10.28141499
9.95016861
9.955789566
10.00425339
10.03542995
11.28131008
11.27169418
11.24197388
11.19644737
11.19609451
11.53542805
12.86755943
15.34089088
17.07781601
16.21892357
15.07614231
16.21892548
17.0778141
15.34088898
12.86755562
11.53542805
11.19609451
11.19644737
11.24197483
11.27169228
12.27564144
12.26725101
12.24156189
12.20406723
12.2179718
12.57955742
13.93492413
16.40230942
18.06325531
17.0778141
15.86848545
17.07781601
18.06325531
16.40230751
13.93492126
12.57955742
12.21797371
12.20406532
12.24156189
12.26724815
10.51715088
10.51052284
10.49056339
10.46424866
10.49757004
10.88974762
12.28303337
14.77203941
16.40230942
15.34088898
14.08834457
15.34088993
16.40230942
14.77203751
12.28303051
10.88974762
10.49757004
10.4642477
10.49056339
10.51052189
7.870605469
7.865964413
7.852383137
7.83817625
7.89180088
8.315505028
9.751381874
12.28303146
13.93492222
12.86755657
11.60643578
12.86755848
13.93492222
12.28303051
9.751379013
8.315505028
7.891800404
7.838175774
7.852383614
7.865964413
6.333317757
6.33061552
6.323162079
6.320244312
6.392004967
6.842785835
8.315505981
10.88974857
12.57955742
11.53542614
10.28141403
11.53542805
12.57955742
10.88974667
8.315504074
6.842785358
6.392004967
6.320243359
6.323162556
6.330615044
5.830843925
5.829838276
5.827671528
5.834218979
5.920547485
6.392004967
7.891802788
10.49757099
12.21797371
11.19609451
9.95016861
11.19609547
12.21797371
10.49756908
7.891800404
6.392004967
5.920547485
5.834218502
5.827671528
5.829838276
5.72098875
5.72133112
5.72331953
5.737125397
5.834218502
6.320244312
7.838178158
10.46424961
12.20406628
11.19644737
9.955789566
11.19644833
12.20406628
10.4642477
7.83817625
6.320243835
5.834218979
5.737125397
5.72331953
5.72133112
5.698248863
5.69955492
5.704479694
5.723320007
5.827672005
6.323162556
7.852385521
10.4905653
12.24156284
11.24197483
10.00425243
11.24197578
12.24156284
10.49056339
7.852383137
6.323162556
5.827672005
5.723320007
5.704479694
5.699554443
5.69101572
5.692894936
5.699553967
5.72133112
5.829838276
6.33061552
7.865965843
10.51052284
12.26725006
11.27169228
10.035429
11.27169418
12.26725006
10.51052094
7.865963459
6.330615044
5.829838276
5.72133112
5.699553967
5.692894459
6.674953938
6.677187443
6.68490839
6.708444595
6.819364548
7.323101997
8.86175251
11.50961781
13.26922321
12.27564144
11.04008484
12.27564335
13.26922226
11.50961685
8.861750603
7.323101044
6.819364548
6.708444118
6.684908867
6.677186966
6.677186489
6.679243565
6.686435223
6.709083557
6.818763733
7.320951462
8.857840538
11.50391006
13.26193047
12.26725101
11.03129959
12.26725197
13.26193047
11.50390816
8.857838631
7.320950508
6.81876421
6.709082127
6.686435699
6.679243088
6.68490839
6.686436176
6.692025661
6.711970329
6.817845345
7.315220833
8.846571922
11.48691559
13.23982334
12.24156284
11.00431824
12.24156284
13.23982334
11.48691463
8.846570015
7.315220356
6.817845345
6.711969852
6.692026138
6.686436176
6.708444118
6.709084034
6.711969376
6.727301121
6.826568604
7.315399647
8.836652756
11.46626377
13.20934391
12.20406628
10.96426392
12.20406723
13.20934391
11.46626282
8.836649895
7.315398693
6.82656908
6.727300644
6.711969852
6.709083557
6.819363594
6.818763733
6.817843914
6.826568127
6.916123867
7.391958237
8.897233963
11.50917053
13.23549747
12.21797371
10.97365379
12.21797371
13.23549652
11.50916862
8.897231102
7.391958237
6.916124344
6.826568127
6.817844868
6.818763733
7.323101521
7.320951462
7.315219879
7.315398693
7.391958714
7.849620342
9.331443787
11.91632557
13.61637783
12.57955742
11.32815266
12.57955837
13.61637783
11.91632462
9.331441879
7.849619389
7.391958714
7.315398693
7.315220356
7.320950985
8.86175251
8.857840538
8.846570969
8.836651802
8.897234917
9.331443787
10.78167152
13.32960129
14.99507618
13.93492413
12.67561626
13.93492603
14.99507523
13.32959938
10.78166866
9.331443787
8.897233963
8.836650848
8.846571922
8.857840538
11.50961685
11.50391006
11.48691273
11.46626186
11.50916958
11.91632462
13.32960033
15.8371706
17.47303963
16.40230751
15.14243889
16.40230942
17.47303963
15.83716869
13.32959747
11.91632462
11.50917053
11.46626186
11.48691463
11.50390911
13.26922321
13.26193047
13.2398243
13.20934582
13.23549652
13.61637974
14.99507618
17.47304153
19.10693359
18.06325531
16.82157135
18.06325722
19.10693359
17.47303963
14.99507332
13.61637974
13.23549747
13.20934391
13.2398243
13.26192951
12.27564144
12.26725101
12.24156094
12.20406628
12.2179718
12.57955742
13.93492413
16.40230942
18.06325531
17.0778141
15.8684864
17.07781601
18.06325531
16.40230942
13.93492126
12.57955742
12.21797371
12.20406532
12.24156094
12.26724815
11.04008389
11.03129959
11.00431824
10.96426296
10.97365475
11.32815266
12.67561626
15.1424408
16.82157135
15.8684864
14.6764431
15.86848736
16.82157135
15.14243889
12.67561436
11.32815266
10.97365475
10.96426296
11.00431919
11.03129864
12.27564335
12.26725292
12.24156284
12.20406818
12.21797466
12.57955933
13.93492603
16.40231133
18.06325722
17.07781601
15.86848736
17.07781792
18.06325722
16.40230942
13.93492317
12.57955933
12.21797562
12.20406723
12.24156284
12.26725101
13.26922131
13.26193047
13.23982334
13.20934391
13.23549557
13.61637783
14.99507523
17.47303963
19.10693169
18.0632534
16.82156944
18.06325531
19.10693169
17.47303963
14.99507236
13.61637783
13.23549652
13.20934296
13.23982334
13.26192856
11.5096159
11.50390911
11.48691273
11.46626091
11.50916862
11.91632462
13.32959938
15.8371706
17.47303963
16.40230751
15.14243793
16.40230942
17.47303772
15.83716774
13.32959652
11.91632462
11.50916958
11.46625996
11.48691273
11.5039072
8.861749649
8.857838631
8.846569061
8.836648941
8.897232056
9.331441879
10.78166866
13.32959843
14.99507332
13.93492222
12.67561436
13.93492317
14.99507332
13.32959747
10.78166676
9.331441879
8.897232056
8.836648941
8.846569061
8.857838631
7.323101521
7.320951462
7.315219879
7.315398693
7.391958714
7.849620342
9.331443787
11.91632557
13.61637783
12.57955742
11.32815266
12.57955837
13.61637783
11.91632462
9.331441879
7.849619389
7.391958714
7.315398693
7.315220356
7.320950985
6.819363594
6.818764687
6.817844391
6.826568604
6.916124344
7.39195919
8.897233963
11.50917149
13.23549843
12.21797371
10.97365475
12.21797562
13.23549652
11.50916958
8.897232056
7.391958237
6.916124344
6.826568604
6.817844868
6.81876421
6.708443642
6.709083557
6.711968899
6.727300644
6.826568604
7.315398693
8.836651802
11.46626377
13.20934391
12.20406628
10.96426296
12.20406723
13.20934296
11.46626186
8.836648941
7.315398693
6.826568604
6.727300167
6.711969376
6.709083557
6.68490839
6.686436176
6.692025661
6.711970329
6.817845345
7.315220833
8.846571922
11.48691559
13.23982334
12.24156284
11.00431824
12.24156284
13.23982334
11.48691463
8.846570015
7.315220356
6.817844868
6.711969852
6.692026138
6.686436176
6.677186489
6.679243565
6.686435223
6.709083557
6.81876421
7.320951462
8.857840538
11.50391006
13.26193047
12.26725101
11.03129959
12.26725197
13.26193047
11.50390816
8.857838631
7.320950508
6.81876421
6.709082127
6.686435699
6.679243088
4.903952599
4.906436443
4.91490221
4.939644337
5.05217123
5.557813168
7.098507881
9.748348236
11.5096159
10.51714993
9.281986237
10.51715088
11.5096159
9.748346329
7.098505497
5.557812691
5.05217123
4.939644337
4.91490221
4.906435966
4.906435966
4.908764839
4.916762829
4.940725803
5.052173138
5.556474686
7.095660686
9.743975639
11.50390816
10.51051998
9.275027275
10.51052189
11.50390816
9.743973732
7.095658302
5.556474686
5.052173138
4.940725803
4.916762829
4.908764362
4.914902687
4.916763783
4.923352718
4.944952488
5.053098679
5.553267479
7.087744713
9.731244087
11.48691368
10.49056339
9.254003525
10.49056435
11.48691368
9.731241226
7.087742329
5.553267002
5.053098679
4.944952488
4.923352718
4.916763306
4.939644337
4.940725803
4.944952488
4.962546349
5.065013885
5.557929516
7.083955765
9.718600273
11.46626186
10.46424675
9.225631714
10.4642477
11.46626186
9.718598366
7.083953381
5.557929516
5.065013885
4.962546349
4.944952488
4.940725803
5.05217123
5.052173138
5.053098679
5.065013885
5.159245968
5.641327381
7.154288292
9.774748802
11.50916958
10.49756908
9.255434036
10.49757004
11.50916958
9.774746895
7.154286385
5.641327381
5.159245968
5.065013885
5.053098202
5.052172661
5.557812691
5.556474686
5.553266525
5.557929039
5.641327381
6.108600616
7.602903843
10.20224476
11.91632462
10.88974667
9.642081261
10.88974857
11.91632462
10.20224285
7.602901936
6.108600616
5.641327858
5.557929039
5.553266525
5.556474686
7.098508358
7.095660686
7.087744713
7.083956242
7.154288769
7.602904797
9.07262516
11.64326668
13.32960033
12.28303242
11.02816582
12.28303337
13.32960033
11.64326572
9.072623253
7.602903843
7.154288769
7.083956242
7.08774519
7.095660686
9.748348236
9.743974686
9.73124218
9.718600273
9.774747849
10.20224476
11.64326572
14.18066502
15.83717155
14.77203751
13.51139164
14.77203941
15.8371706
14.18066406
11.64326382
10.20224476
9.774748802
9.718600273
9.731244087
9.743974686
11.50961685
11.50391006
11.48691273
11.46626186
11.50916958
11.91632462
13.32960129
15.8371706
17.47303963
16.40230751
15.14243889
16.40230942
17.47303963
15.83716869
13.32959747
11.91632462
11.50917053
11.46626186
11.48691463
11.50390911
10.51714897
10.51052094
10.49056149
10.46424675
10.49756908
10.88974667
12.28303146
14.77203751
16.40230751
15.34088707
14.08834267
15.34088802
16.40230751
14.7720356
12.28302956
10.88974667
10.49756908
10.4642458
10.49056149
10.51051998
9.281986237
9.275027275
9.254003525
9.225633621
9.255434036
9.642082214
11.02816486
13.51139259
15.14243984
14.08834362
12.84043789
14.08834457
15.14243889
13.51139164
11.02816296
9.642082214
9.255434036
9.225632668
9.254004478
9.275027275
10.51715088
10.51052189
10.49056339
10.4642477
10.49757004
10.88974667
12.28303337
14.77203846
16.40230751
15.34088802
14.08834362
15.34088898
16.40230751
14.77203655
12.28303051
10.88974667
10.49756908
10.46424675
10.49056339
10.51052094
11.5096159
11.50390911
11.48691273
11.46626091
11.50916862
11.91632462
13.32960033
15.83716965
17.47303963
16.40230751
15.14243793
16.40230942
17.47303772
15.83716774
13.32959652
11.91632462
11.50917053
11.46626091
11.48691273
11.5039072
9.748347282
9.743974686
9.731241226
9.718598366
9.774746895
10.20224285
11.64326382
14.18066406
15.83716965
14.77203655
13.51139069
14.77203751
15.83716965
14.18066311
11.64326191
10.20224285
9.774746895
9.718598366
9.731241226
9.743973732
7.098505497
7.095658302
7.087742329
7.083954334
7.154286385
7.602901936
9.072623253
11.64326477
13.32959843
12.28302956
11.02816296
12.28303146
13.32959747
11.64326286
9.072620392
7.602901936
7.154286385
7.083953381
7.087742329
7.095657825
5.557812691
5.556474686
5.553266525
5.557929039
5.641327381
6.108600616
7.602903843
10.20224476
11.91632462
10.88974667
9.642081261
10.88974857
11.91632462
10.20224285
7.602901936
6.108600616
5.641327858
5.557929039
5.553266525
5.556474686
5.05217123
5.052173138
5.053098679
5.065014362
5.159246445
5.641327858
7.154288769
9.774748802
11.50916958
10.49756908
9.25543499
10.49757004
11.50916958
9.774746895
7.154286385
5.641327858
5.159246445
5.065013885
5.053098679
5.052173138
4.93964386
4.940725803
4.944952011
4.962545872
5.065013409
5.557929039
7.083955288
9.718600273
11.46626186
10.46424675
9.225631714
10.4642477
11.46626186
9.718598366
7.083952904
5.557929039
5.065013409
4.962545872
4.944952011
4.940725327
4.914902687
4.916763783
4.923353195
4.944952488
5.053098679
5.553267479
7.08774519
9.731244087
11.48691463
10.49056339
9.254003525
10.49056435
11.48691463
9.731241226
7.087742329
5.553267479
5.053098679
4.944952488
4.923353195
4.916763783
4.906435966
4.908764839
4.916762829
4.940725803
5.052173138
5.556474686
7.095661163
9.743975639
11.50390816
10.51051998
9.275027275
10.51052189
11.50390816
9.743973732
7.095658302
5.556474686
5.052173138
4.940725803
4.916762829
4.908764362
2.242394209
2.245184183
2.254554987
2.280761242
2.395231962
2.903166294
4.446311474
7.098507881
8.861750603
7.870604515
6.635905266
7.870605469
8.861750603
7.098505497
4.446308613
2.903166056
2.395231962
2.280761242
2.254554987
2.245183229
2.245183229
2.247841597
2.256818056
2.282370567
2.395943403
2.902775526
4.444692135
7.095660686
8.857838631
7.865963459
6.631003857
7.865964413
8.857838631
7.095658302
4.444689751
2.902775288
2.395943403
2.282370567
2.256818533
2.247840881
2.254555225
2.256819487
2.264610529
2.288189173
2.399032831
2.90248847
4.440609455
7.08774519
8.846570015
7.85238266
6.616596222
7.85238409
8.846570015
7.087742805
4.440607071
2.902487993
2.39903307
2.288189173
2.264610529
2.25681901
2.280760288
2.282370806
2.288187981
2.308451176
2.414653063
2.912270546
4.443705082
7.083955288
8.836648941
7.838175297
6.600842476
7.838176727
8.836648941
7.083953381
4.443702698
2.912270308
2.414653063
2.308451176
2.288188457
2.282370329
2.395231485
2.395943403
2.399032354
2.41465354
2.514232159
3.003316641
4.524698257
7.154288292
8.897232056
7.891799927
6.651930809
7.891801357
8.897232056
7.154286385
4.524695873
3.003316641
2.514232397
2.414653301
2.399032354
2.395942926
2.903166056
2.902775764
2.902487993
2.912270546
3.003316641
3.481053829
4.988571167
7.602903843
9.331441879
8.315504074
7.071765423
8.315505028
9.331441879
7.602901936
4.988568783
3.481053829
3.003316641
2.912270546
2.902487993
2.902775288
4.446311474
4.444692612
4.440609455
4.443705559
4.524698257
4.988571167
6.478441238
9.07262516
10.78166962
9.75138092
8.502353668
9.751382828
10.78166962
9.072623253
6.478439331
4.988571167
4.524698257
4.443705082
4.440609455
4.444692135
7.098508358
7.095661163
7.087744713
7.083956242
7.154288292
7.602903843
9.07262516
11.64326572
13.32960033
12.28303146
11.02816486
12.28303337
13.32959938
11.64326477
9.072622299
7.602903843
7.154288292
7.083955765
7.08774519
7.095660686
8.861750603
8.857838631
8.846569061
8.836649895
8.897232056
9.331441879
10.78166866
13.32959843
14.99507427
13.93492126
12.67561245
13.93492222
14.99507332
13.32959747
10.78166676
9.331441879
8.897232056
8.836648941
8.846570015
8.857838631
7.870604038
7.865962982
7.852381706
7.838175297
7.891799927
8.315504074
9.75138092
12.28303146
13.93492222
12.86755562
11.60643578
12.86755753
13.93492222
12.28302956
9.751379013
8.315504074
7.891800404
7.83817482
7.85238266
7.865962982
6.635904789
6.631004333
6.616595745
6.60084343
6.651930809
7.0717659
8.502353668
11.02816486
12.67561436
11.60643578
10.34508419
11.60643673
12.67561436
11.02816296
8.502350807
7.0717659
6.651930809
6.600842953
6.616596222
6.631003857
7.870604992
7.865963936
7.85238266
7.83817625
7.89180088
8.315505028
9.751381874
12.28303146
13.93492222
12.86755753
11.60643673
12.86755753
13.93492222
12.28303051
9.751379013
8.315505028
7.891801357
7.838175774
7.852383614
7.865963936
8.861749649
8.857838631
8.846569061
8.836648941
8.897231102
9.331439972
10.78166866
13.32959843
14.99507332
13.93492031
12.6756115
13.93492222
14.99507332
13.32959652
10.78166676
9.331439972
8.897231102
8.836648941
8.846569061
8.857838631
7.098505974
7.095659256
7.087742329
7.083954334
7.154286385
7.602901936
9.072623253
11.64326382
13.32959843
12.28302956
11.02816296
12.28303146
13.32959747
11.64326286
9.072620392
7.602901936
7.154286385
7.083953857
7.087742805
7.095658302
4.446308613
4.444690228
4.440606594
4.443703175
4.524695873
4.988568783
6.478438854
9.072623253
10.78166676
9.751379013
8.502350807
9.75138092
10.78166676
9.072621346
6.478436947
4.988568783
4.524695873
4.443703175
4.440606594
4.444689751
2.903166056
2.902775764
2.902487993
2.912270546
3.003316641
3.481053829
4.988571167
7.602903843
9.331441879
8.315504074
7.071765423
8.315505028
9.331441879
7.602901936
4.988568783
3.481053829
3.003316641
2.912270546
2.902487993
2.902775288
2.395231724
2.395943403
2.399032354
2.41465354
2.514232397
3.003316641
4.524698257
7.154288292
8.897232056
7.891800404
6.651930809
7.891801357
8.897232056
7.154286385
4.524695873
3.003316641
2.514232397
2.414653301
2.399032354
2.395943165
2.280760765
2.282371044
2.288188457
2.308451414
2.414653301
2.912270546
4.443705082
7.083955288
8.836648941
7.838175297
6.600842953
7.838177204
8.836649895
7.083953381
4.443703175
2.912270546
2.41465354
2.308451414
2.288188696
2.282370567
2.254555225
2.256819487
2.264610529
2.288189173
2.399032831
2.90248847
4.440609455
7.08774519
8.846570015
7.85238266
6.616596222
7.85238409
8.846570015
7.087742805
4.440607071
2.902487993
2.39903307
2.288189173
2.264610529
2.25681901
2.245183229
2.247841358
2.256818056
2.282370329
2.395942926
2.902775288
4.444691658
7.095660686
8.857838631
7.865962982
6.631003857
7.865964413
8.857838631
7.095658302
4.444689751
2.902775049
2.395943165
2.282370329
2.256818056
2.247840881
0.6893838048
0.6924998164
0.7028340101
0.7305927873
0.8471172452
1.357462168
2.903168201
5.557814598
7.323101044
6.333316803
5.099095821
6.33331871
7.323101044
5.557812691
2.903166056
1.357461691
0.8471172452
0.7305927873
0.7028340101
0.69249928
0.6924990416
0.695507586
0.7055202723
0.7327514887
0.8485566974
1.358030081
2.902777433
5.556476116
7.320950508
6.330614567
5.096197605
6.33061552
7.320950508
5.556474209
2.902775049
1.358029604
0.8485566974
0.7327510118
0.7055205703
0.6955073476
0.7028332949
0.7055208087
0.7145727873
0.7402163148
0.8538520932
1.360676765
2.902490377
5.553269386
7.315220833
6.323161602
5.088130951
6.323163509
7.315220833
5.553267002
2.902487993
1.360676289
0.8538520932
0.7402163148
0.7145730257
0.7055208087
0.7305927873
0.7327514887
0.7402163148
0.7632192969
0.8732095361
1.375526428
2.912273169
5.557931423
7.31539917
6.320243359
5.084104061
6.320244789
7.31539917
5.557929516
2.912270546
1.375525951
0.8732095361
0.7632192969
0.7402163148
0.7327512503
0.8471174836
0.8485571742
0.8538520932
0.8732092977
0.9780901074
1.47396934
3.003318548
5.641329288
7.391958714
6.392004013
5.154130936
6.392005444
7.391958714
5.641327381
3.003316402
1.473968863
0.9780904055
0.8732092977
0.8538520932
0.8485569358
1.357461929
1.358030081
1.360676289
1.37552619
1.47396934
1.9615345
3.481055975
6.108602524
7.849619865
6.842785358
5.60240078
6.842787266
7.849619865
6.108599663
3.481053829
1.961534023
1.473969102
1.375526428
1.360676289
1.358029604
2.903168201
2.90277791
2.902490377
2.912273169
3.003319025
3.481056213
4.988573074
7.602906227
9.331443787
8.315505981
7.071767807
8.315507889
9.331443787
7.60290432
4.988571167
3.481056213
3.003319025
2.912273169
2.902490377
2.902777433
5.557814598
5.556476593
5.553268909
5.557931423
5.641329765
6.108602524
7.60290575
10.20224667
11.91632652
10.88974857
9.642083168
10.88974953
11.91632652
10.20224476
7.602903366
6.108602524
5.641329288
5.557931423
5.553268909
5.556476116
7.323101997
7.320951939
7.315220833
7.315399647
7.39195919
7.849620342
9.331443787
11.91632652
13.61637974
12.57955742
11.32815266
12.57955933
13.61637878
11.91632557
9.331441879
7.849620342
7.39195919
7.315399647
7.31522131
7.320951462
6.333316803
6.330614567
6.323161602
6.320244312
6.39200449
6.842785358
8.315505981
10.88974857
12.57955647
11.53542614
10.28141212
11.53542805
12.57955647
10.88974667
8.315504074
6.842784882
6.39200449
6.320243359
6.323162556
6.330614567
5.099096775
5.096199036
5.088131428
5.084104538
5.154131889
5.60240078
7.071767807
9.642083168
11.32815266
10.28141403
9.026486397
10.28141499
11.32815266
9.642081261
7.0717659
5.60240078
5.154131889
5.084104538
5.088131428
5.096198559
6.333317757
6.330615997
6.323163033
6.320245266
6.392005444
6.842786312
8.315506935
10.88974953
12.57955837
11.53542805
10.28141499
11.53542995
12.57955742
10.88974857
8.315504074
6.842786312
6.392005444
6.320244312
6.323163509
6.33061552
7.323101044
7.320950985
7.315219879
7.315398693
7.391958237
7.849619389
9.331442833
11.91632557
13.61637783
12.57955647
11.3281517
12.57955742
13.61637783
11.91632462
9.331440926
7.849619389
7.391958237
7.315398693
7.315220356
7.320950508
5.557812691
5.556474686
5.553267002
5.557929516
5.641327858
6.108600616
7.602903843
10.20224476
11.91632462
10.88974667
9.642081261
10.88974762
11.91632462
10.20224285
7.602901459
6.108600616
5.641327381
5.557929516
5.553267002
5.556474209
2.903165817
2.902775526
2.902487993
2.912270546
3.003316641
3.481054068
4.98857069
7.602903843
9.331441879
8.315504074
7.0717659
8.315505981
9.331441879
7.602901936
4.988568783
3.481053829
3.003316641
2.912270784
2.902487993
2.902775049
1.357461691
1.358029842
1.36067605
1.37552619
1.473969102
1.961534262
3.481055975
6.108602524
7.849619389
6.842785358
5.60240078
6.842786789
7.849619389
6.108599663
3.481053829
1.961533785
1.473969102
1.375525951
1.36067605
1.358029366
0.8471174836
0.8485574126
0.8538520932
0.8732095361
0.9780901074
1.47396934
3.003318548
5.641329765
7.391958714
6.39200449
5.154130936
6.392006397
7.391958714
5.641327858
3.003316402
1.473968863
0.9780904055
0.8732095361
0.8538520932
0.8485571742
0.7305923104
0.7327510118
0.740215838
0.7632187605
0.8732089996
1.375525951
2.912272692
5.557930946
7.315398693
6.320243359
5.084103584
6.320244312
7.315398693
5.557929039
2.912270069
1.375525475
0.8732089996
0.7632187605
0.740215838
0.7327507734
0.7028332949
0.7055208087
0.7145727873
0.7402163148
0.8538520932
1.360676765
2.902490377
5.553269386
7.315220833
6.323161602
5.088130951
6.323163509
7.315220833
5.553267479
2.902487993
1.360676289
0.8538520932
0.7402163148
0.7145730257
0.7055208087
0.6924995184
0.695507586
0.7055202723
0.7327514887
0.8485569358
1.358030081
2.902777672
5.556476593
7.320950985
6.330615044
5.096198082
6.330616474
7.320951462
5.556474686
2.902775288
1.358029604
0.8485569358
0.7327510118
0.7055210471
0.6955073476
0.1720888764
0.1755170971
0.1867724657
0.2160146534
0.3344922066
0.8471184373
2.395234585
5.052174091
6.819364548
5.830843925
4.597066402
5.830845356
6.819364548
5.052171707
2.395232439
0.8471179605
0.3344922066
0.2160146534
0.1867724657
0.1755166054
0.1755166054
0.1788584143
0.1898598671
0.2186850756
0.3366025686
0.848557651
2.395946026
5.052175045
6.81876421
5.829838276
4.595917225
5.82983923
6.81876421
5.052173138
2.395943403
0.8485571742
0.3366025686
0.2186855525
0.1898598671
0.1788584143
0.1867729574
0.1898603588
0.2001015693
0.227683112
0.3439199328
0.8538528085
2.399035215
5.05310154
6.817845345
5.827671528
4.593308449
5.827672958
6.817845345
5.053099155
2.399033308
0.8538523316
0.3439199328
0.227683112
0.200102061
0.1898598671
0.2160151452
0.2186860442
0.2276826352
0.2532158196
0.3666645586
0.8732097745
2.414655924
5.065015793
6.826568604
5.834218025
4.599080563
5.834219456
6.826568604
5.065013885
2.414653778
0.8732092977
0.3666645586
0.2532158196
0.227683112
0.2186855525
0.3344922066
0.3366025686
0.3439189494
0.3666640818
0.4762754142
0.9780908823
2.514234781
5.159248352
6.916124344
5.920547009
4.684255123
5.920548916
6.916124344
5.159246445
2.514232635
0.9780904055
0.4762751758
0.3666640818
0.3439189494
0.3366025686
0.847117722
0.8485574126
0.8538518548
0.8732092977
0.9780904055
1.473969579
3.003319025
5.641329288
7.391958714
6.39200449
5.154131413
6.392006397
7.391958237
5.641327381
3.003317118
1.473969102
0.9780904055
0.8732092977
0.8538520932
0.8485571742
2.395234585
2.395946503
2.399034739
2.414655924
2.51423502
3.003319502
4.524701595
7.154291153
8.897234917
7.891802788
6.651934147
7.891804218
8.897234917
7.154288769
4.524698734
3.003319502
2.51423502
2.414655924
2.399034739
2.395946026
5.052173138
5.052175045
5.053101063
5.065015793
5.159248352
5.641330242
7.154290676
9.77475071
11.50917149
10.49757099
9.255436897
10.49757195
11.50917149
9.774748802
7.154288292
5.641329765
5.159248352
5.065015793
5.053101063
5.052175045
6.819364548
6.818764687
6.817844868
6.826569557
6.916125298
7.39195919
8.897234917
11.50917149
13.23549843
12.21797371
10.97365475
12.21797562
13.23549747
11.50916958
8.897232056
7.39195919
6.916125298
6.826569557
6.817845821
6.818764687
5.830843449
5.829837322
5.827670574
5.834218025
5.920547009
6.39200449
7.891801834
10.49757099
12.21797371
11.19609356
9.950167656
11.19609451
12.21797371
10.49756813
7.891798973
6.392004013
5.920547009
5.834217548
5.827670574
5.829837322
4.597066402
4.595917225
4.593307972
4.599081039
4.684254646
5.154131889
6.651934147
9.255436897
10.97365475
9.95016861
8.703648567
9.950169563
10.97365475
9.25543499
6.651931286
5.154131889
4.684254646
4.599081039
4.593307972
4.595916748
5.830844879
5.829838753
5.827671528
5.834218979
5.920547962
6.392005444
7.891803265
10.49757195
12.21797371
11.19609451
9.95016861
11.19609642
12.21797371
10.49756908
7.89180088
6.392005444
5.920547962
5.834218979
5.827671528
5.829838276
6.819363594
6.818763733
6.817843914
6.826568604
6.916124344
7.391958237
8.897233009
11.50917053
13.23549747
12.21797371
10.97365379
12.21797371
13.23549652
11.50916862
8.897231102
7.391958237
6.916124344
6.826568604
6.817844868
6.818763733
5.05217123
5.052173138
5.053098679
5.065013885
5.159246445
5.641327858
7.154288292
9.774748802
11.50916958
10.49756908
9.255434036
10.49757004
11.50916958
9.774746895
7.154286385
5.641327858
5.159246445
5.065013885
5.053098202
5.052172661
2.395231962
2.395943642
2.399032354
2.41465354
2.514232397
3.003317118
4.524698257
7.154288292
8.897232056
7.891800404
6.651931286
7.891801357
8.897232056
7.154286385
4.52469635
3.003316641
2.514232635
2.414653301
2.399032354
2.395943165
0.847117722
0.8485574126
0.8538518548
0.8732092977
0.9780906439
1.473969579
3.003319025
5.641329288
7.391958714
6.39200449
5.154131413
6.392006397
7.391958237
5.641327381
3.003316879
1.473969102
0.9780904055
0.8732092977
0.8538520932
0.8485571742
0.3344922066
0.3366025686
0.343919456
0.3666640818
0.4762756526
0.9780911207
2.514235258
5.159248352
6.916124821
5.920547962
4.684255123
5.920548916
6.916124344
5.159246445
2.514232874
0.9780906439
0.4762756526
0.3666640818
0.343919456
0.3366025686
0.2160146534
0.2186855525
0.2276826352
0.2532158196
0.3666640818
0.8732095361
2.414655685
5.065015793
6.826568604
5.834218025
4.599080086
5.834218979
6.826568604
5.065013885
2.414653301
0.8732089996
0.3666640818
0.2532158196
0.227683112
0.2186855525
0.1867729574
0.1898603588
0.2001015693
0.2276826352
0.3439199328
0.8538528085
2.399034977
5.05310154
6.817844868
5.827671051
4.593308449
5.827672958
6.817845345
5.053098679
2.399032831
0.8538523316
0.3439199328
0.227683112
0.2001015693
0.1898593903
0.1755166054
0.1788588911
0.1898598671
0.2186855525
0.3366030455
0.848557651
2.395946503
5.052175522
6.81876421
5.829838276
4.595917225
5.829839706
6.81876421
5.052173138
2.39594388
0.8485571742
0.3366025686
0.2186855525
0.1898598671
0.1788584143
0.04958154634
0.05328027532
0.06533496082
0.09585742652
0.2160146534
0.7305930257
2.280763149
4.939645767
6.708443642
5.720987797
4.48758173
5.72098875
6.708444118
4.93964386
2.280760527
0.7305925488
0.2160146534
0.09585742652
0.06533496082
0.05328027532
0.05328027532
0.05691113696
0.06876464933
0.09896094352
0.2186845839
0.7327512503
2.282372713
4.940727711
6.709083557
5.721330166
4.487820625
5.72133112
6.709083557
4.940725803
2.282370567
0.7327507734
0.2186850756
0.09896094352
0.06876464933
0.05691064894
0.06533496082
0.06876562536
0.08002246171
0.1092509851
0.2276826352
0.7402160764
2.28819108
4.944954395
6.711968899
5.723318577
4.489492416
5.723320484
6.711969376
4.944952488
2.288188934
0.7402155995
0.2276826352
0.1092509851
0.08002246171
0.06876464933
0.09585742652
0.09896191955
0.1092509851
0.1369013786
0.2532158196
0.7632190585
2.30845356
4.962548256
6.727300167
5.737124443
4.50275898
5.737125397
6.727300167
4.962546349
2.308451414
0.7632185221
0.2532158196
0.1369013786
0.1092509851
0.09896142781
0.2160141766
0.2186850756
0.2276821434
0.2532158196
0.3666640818
0.8732092977
2.414655447
5.065015793
6.826568604
5.834218025
4.599080563
5.834219456
6.826568604
5.065013885
2.414653301
0.8732087612
0.3666640818
0.2532153428
0.2276821434
0.2186845839
0.7305927873
0.7327514887
0.740215838
0.7632187605
0.8732089996
1.375526428
2.912272692
5.557930946
7.315398693
6.320243359
5.084104061
6.320244789
7.315398693
5.557929039
2.912270546
1.375525951
0.8732089996
0.7632187605
0.7402160764
0.7327510118
2.280763388
2.28237319
2.288190842
2.308454037
2.414655924
2.912273407
4.443707943
7.083958149
8.836651802
7.838177681
6.600845337
7.838179111
8.836651802
7.083956242
4.443705082
2.912273169
2.414655924
2.308454037
2.288190842
2.282372713
4.939645767
4.940727711
4.944954395
4.962548256
5.065015793
5.557931423
7.083957195
9.71860218
11.46626377
10.46424866
9.225633621
10.46424961
11.46626377
9.718600273
7.083955288
5.557930946
5.065015793
4.962548256
4.944954395
4.940727711
6.708444118
6.709084034
6.711969376
6.727301121
6.82656908
7.315399647
8.836652756
11.46626377
13.20934391
12.20406628
10.96426392
12.20406723
13.20934391
11.46626282
8.836649895
7.315398693
6.82656908
6.727300644
6.711969852
6.709083557
5.72098732
5.721330166
5.723318577
5.737124443
5.834217548
6.320243359
7.838177204
10.46424866
12.20406532
11.19644642
9.955787659
11.19644737
12.20406532
10.46424675
7.838175297
6.320243359
5.834218025
5.737124443
5.7233181
5.721330166
4.48758173
4.487821102
4.489492416
4.50275898
4.599080563
5.084104538
6.60084486
9.225634575
10.96426296
9.955788612
8.714817047
9.955789566
10.96426392
9.225632668
6.600842953
5.084104061
4.599080563
4.50275898
4.489492416
4.487820625
5.72098875
5.72133112
5.72331953
5.737125397
5.834218979
6.320244312
7.838178635
10.46424961
12.20406723
11.19644737
9.955789566
11.19644833
12.20406723
10.4642477
7.83817625
6.320244312
5.834218979
5.737125397
5.72331953
5.72133112
6.708443165
6.709082603
6.711968422
6.727300167
6.826568127
7.315398693
8.836650848
11.46626377
13.20934296
12.20406532
10.96426201
12.20406723
13.209342
11.46626186
8.836648941
7.315397739
6.826568127
6.72729969
6.711968899
6.709082127
4.93964386
4.94072628
4.944952488
4.962546349
5.065013885
5.557929516
7.083955288
9.718600273
11.46626186
10.46424675
9.225632668
10.46424866
11.46626186
9.718598366
7.083953381
5.557929516
5.065013885
4.962546349
4.944952488
4.940725803
2.280760765
2.282370806
2.288188457
2.308451414
2.41465354
2.912270784
4.443705082
7.083955288
8.836649895
7.838175297
6.600842953
7.838176727
8.836649895
7.083953381
4.443702698
2.912270546
2.41465354
2.308451414
2.288188457
2.282370329
0.7305927873
0.7327514887
0.740215838
0.7632187605
0.8732089996
1.375526428
2.912272692
5.557930946
7.315398693
6.320243359
5.084104061
6.320244789
7.315398693
5.557929039
2.912270546
1.375525951
0.8732089996
0.7632187605
0.7402160764
0.7327510118
0.2160141766
0.2186850756
0.2276826352
0.2532158196
0.3666640818
0.8732092977
2.414655447
5.065015793
6.826568604
5.834218025
4.599080563
5.834219456
6.826568604
5.065013885
2.41465354
0.8732087612
0.3666640818
0.2532158196
0.2276826352
0.2186845839
0.09585693479
0.09896191955
0.1092504933
0.1369008869
0.2532148659
0.7632185221
2.308453321
4.962547779
6.727300167
5.737123966
4.502758503
5.737125397
6.72729969
4.962545872
2.308450937
0.7632180452
0.2532153428
0.1369008869
0.1092509851
0.09896094352
0.06533496082
0.06876562536
0.08002246171
0.1092509851
0.2276826352
0.7402160764
2.28819108
4.944954395
6.711968899
5.723318577
4.489492416
5.723320484
6.711969376
4.944952488
2.288188934
0.7402155995
0.2276826352
0.1092509851
0.08002246171
0.06876464933
0.0532797873
0.05691113696
0.06876416504
0.09896094352
0.2186845839
0.7327510118
2.282372475
4.940727711
6.709082603
5.721330166
4.487820625
5.72133112
6.709082603
4.940725803
2.282370329
0.732750535
0.2186845839
0.09896094352
0.06876416504
0.0569101572
0.01726025529
0.02116699331
0.03383300826
0.06533496082
0.1867724657
0.7028342485
2.254557133
4.914904594
6.68490839
5.698248386
4.465120792
5.69824934
6.68490839
4.914902687
2.254554987
0.7028337717
0.1867724657
0.06533496082
0.03383300826
0.02116699331
0.02116699331
0.02501904406
0.03752344102
0.06876464933
0.1898593903
0.7055205703
2.25682044
4.916765213
6.686435699
5.699553013
4.466348171
5.699554443
6.686435699
4.916762829
2.256818056
0.7055200338
0.1898593903
0.06876464933
0.03752344102
0.02501855604
0.03383398429
0.03752441704
0.04955078289
0.08002246171
0.2001015693
0.7145732641
2.264612675
4.923355579
6.692025661
5.704478741
4.471040726
5.704479694
6.692025661
4.923353195
2.264610529
0.7145727873
0.2001015693
0.08002246171
0.04955078289
0.03752344102
0.06533496082
0.06876514107
0.08002197742
0.1092509851
0.2276826352
0.7402160764
2.288190842
4.944954395
6.711969376
5.723318577
4.489492416
5.723320007
6.711969376
4.944952488
2.288188696
0.7402155995
0.2276826352
0.1092509851
0.08002197742
0.06876464933
0.1867724657
0.1898593903
0.2001006007
0.2276821434
0.3439189494
0.8538523316
2.399034739
5.053101063
6.817844868
5.827671051
4.593307972
5.827672005
6.817844868
5.053098679
2.399032593
0.8538518548
0.3439189494
0.2276821434
0.2001006007
0.1898593903
0.7028335333
0.7055202723
0.7145723104
0.7402153611
0.8538516164
1.360676527
2.902490377
5.553269386
7.315220833
6.323162079
5.088131428
6.323163509
7.315220833
5.553267479
2.902487993
1.36067605
0.8538516164
0.7402153611
0.7145723104
0.7055200338
2.254556656
2.256820917
2.264612436
2.28819108
2.399034977
2.902490616
4.440611362
7.087747574
8.846572876
7.852385044
6.616599083
7.852386475
8.846572876
7.08774519
4.440609455
2.902490377
2.399034977
2.28819108
2.264612436
2.25682044
4.914903641
4.916765213
4.923354626
4.944954395
5.053101063
5.553268909
7.087747097
9.731245995
11.48691559
10.4905653
9.254005432
10.49056625
11.48691559
9.731244087
7.087744713
5.553268909
5.053101063
4.944954395
4.923354626
4.916764736
6.684908867
6.686436176
6.692025661
6.711970329
6.817845345
7.31522131
8.846572876
11.48691654
13.23982525
12.24156284
11.00431919
12.24156475
13.2398243
11.48691463
8.846570969
7.315220833
6.817845821
6.711969852
6.692026138
6.686436176
5.698247433
5.69955349
5.704478264
5.723318577
5.827671051
6.323161602
7.852384567
10.4905653
12.24156284
11.24197388
10.00425243
11.24197483
12.24156284
10.49056339
7.852382183
6.323161602
5.827671051
5.723318577
5.704478264
5.699553013
4.465120792
4.466348648
4.471040249
4.48949337
4.593308449
5.088131905
6.616599083
9.254006386
11.00431919
10.00425339
8.766359329
10.00425434
11.00431919
9.254004478
6.616596699
5.088131428
4.593308449
4.48949337
4.471040249
4.466348648
5.698248863
5.69955492
5.704479218
5.72331953
5.827672005
6.323163033
7.852385998
10.49056625
12.2415638
11.24197483
10.00425434
11.24197578
12.24156284
10.49056435
7.85238409
6.323163033
5.827672005
5.72331953
5.704479694
5.699553967
6.68490839
6.686436653
6.692025185
6.711969852
6.817844868
7.315220833
8.846571922
11.48691654
13.2398243
12.24156284
11.00431919
12.2415638
13.23982334
11.48691463
8.846570015
7.315220356
6.817844868
6.711969376
6.692025661
6.686435699
4.914901733
4.916763783
4.923352718
4.944952488
5.053098679
5.553267002
7.08774519
9.731244087
11.48691368
10.49056339
9.254003525
10.49056435
11.48691368
9.731241226
7.087742329
5.553267002
5.053098679
4.944952488
4.923352718
4.916762829
2.25455451
2.256818771
2.264610052
2.288188934
2.399032593
2.90248847
4.440609455
7.08774519
8.846570015
7.85238266
6.616597176
7.85238409
8.846570015
7.087742329
4.440607071
2.902487993
2.399032831
2.288188696
2.264610052
2.256818056
0.7028335333
0.7055202723
0.7145723104
0.7402153611
0.8538516164
1.360676527
2.902490377
5.553269386
7.315220833
6.323162079
5.088131428
6.323163509
7.315220833
5.553267479
2.902487993
1.36067605
0.8538516164
0.7402153611
0.7145723104
0.7055200338
0.1867724657
0.1898593903
0.2001006007
0.2276821434
0.3439189494
0.8538523316
2.399034739
5.053101063
6.817844868
5.827671051
4.593307972
5.827672005
6.817844868
5.053098679
2.399032593
0.8538518548
0.3439189494
0.2276821434
0.2001006007
0.1898593903
0.06533496082
0.06876514107
0.08002197742
0.1092509851
0.2276826352
0.7402160764
2.288190842
4.944954395
6.711969376
5.723318577
4.489492416
5.723320007
6.711969376
4.944952488
2.288188696
0.7402155995
0.2276826352
0.1092509851
0.08002197742
0.06876464933
0.03383349627
0.03752392903
0.04955078289
0.08002246171
0.2001010776
0.7145727873
2.264612436
4.923355579
6.692025661
5.704478741
4.471040249
5.704479694
6.692025661
4.923353195
2.264610052
0.7145723104
0.2001010776
0.08002246171
0.04955078289
0.03752344102
0.02116699331
0.02501855604
0.03752344102
0.06876464933
0.1898588985
0.7055205703
2.25682044
4.916764736
6.686435699
5.699553013
4.466348171
5.699553967
6.686435699
4.916762829
2.256818056
0.7055200338
0.1898588985
0.06876464933
0.03752344102
0.02501855604
0.004081055056
0.008118164726
0.02116699331
0.05328027532
0.1755161285
0.6925002933
2.245186329
4.906438828
6.677186966
5.691016197
4.458059788
5.691016674
6.677186966
4.90643692
2.245184183
0.6924998164
0.1755166054
0.05328027532
0.02116699331
0.008117675781
0.008118164726
0.0121083986
0.02501855604
0.05691113696
0.1788584143
0.6955080628
2.247844458
4.908766747
6.679244041
5.692893982
4.459875107
5.692895889
6.679244041
4.908764839
2.247842312
0.695507586
0.1788584143
0.05691113696
0.02501904406
0.01210742258
0.02116796933
0.02501953207
0.03752441704
0.06876562536
0.1898603588
0.7055217624
2.256821394
4.91676569
6.686436653
5.699553967
4.466348648
5.69955492
6.686436653
4.916763783
2.25681901
0.7055212855
0.1898603588
0.06876562536
0.03752441704
0.02501953207
0.05328027532
0.05691113696
0.06876464933
0.09896142781
0.2186850756
0.7327512503
2.28237319
4.940728188
6.709083557
5.721330166
4.487820625
5.72133112
6.709083557
4.94072628
2.282370806
0.7327507734
0.2186850756
0.09896142781
0.06876464933
0.05691113696
0.1755161285
0.1788584143
0.1898598671
0.2186855525
0.3366025686
0.8485574126
2.395946026
5.052175045
6.81876421
5.829838276
4.595916748
5.82983923
6.81876421
5.052173138
2.395943642
0.8485569358
0.3366025686
0.2186855525
0.1898598671
0.1788584143
0.6925000548
0.6955078244
0.7055208087
0.7327512503
0.8485574126
1.358030558
2.90277791
5.556476593
7.320951462
6.330615044
5.096198559
6.330616474
7.320951462
5.556474686
2.902775764
1.358030081
0.8485571742
0.7327512503
0.7055208087
0.6955073476
2.24518609
2.247844934
2.256821632
2.282374144
2.395946264
2.902778387
4.444694996
7.095663548
8.857841492
7.86596632
6.631006718
7.865967751
8.857841492
7.09566164
4.444692612
2.902778149
2.395946503
2.282374144
2.256821394
2.247844458
4.906438351
4.908767223
4.91676569
4.940728664
5.052175522
5.556477547
7.095663548
9.743977547
11.50391006
10.51052284
9.275030136
10.5105238
11.50391006
9.743975639
7.095661163
5.556476593
5.052175522
4.940728664
4.91676569
4.908766747
6.677186966
6.679244518
6.686435699
6.709084034
6.818764687
7.320951462
8.857840538
11.50391006
13.26193047
12.26725101
11.03129864
12.26725197
13.26193047
11.50390911
8.857838631
7.320951462
6.818764687
6.709083557
6.686436653
6.679244041
5.691014767
5.692893982
5.699553013
5.721330166
5.829837322
6.330615044
7.865965366
10.51052284
12.26725006
11.27169228
10.035429
11.27169418
12.26725006
10.51051998
7.865963459
6.330614567
5.829837799
5.721330166
5.699553013
5.692893505
4.458060265
4.45987606
4.466349602
4.487821579
4.595917225
5.096199036
6.631007195
9.275030136
11.03129959
10.03542995
8.799057007
10.03543091
11.03129959
9.275028229
6.63100481
5.096198559
4.595917225
4.487821579
4.466349602
4.45987606
5.69101572
5.692894936
5.699553967
5.72133112
5.829838276
6.330615997
7.86596632
10.5105238
12.26725101
11.27169418
10.03542995
11.27169514
12.26725101
10.51052189
7.865964413
6.33061552
5.829838753
5.72133112
5.699553967
5.692894459
6.677186489
6.679244041
6.686435699
6.709083557
6.81876421
7.320951462
8.857840538
11.50390911
13.26193047
12.26725006
11.03129768
12.26725101
13.26192951
11.50390816
8.857838631
7.320950508
6.81876421
6.709082603
6.686435699
6.679243565
4.906436443
4.908765316
4.916763783
4.940726757
5.052173615
5.556475163
7.09566164
9.743975639
11.50390816
10.51052094
9.275028229
10.51052189
11.50390816
9.743973732
7.095659256
5.556474686
5.052173615
4.940726757
4.916763783
4.908764839
2.245183706
2.247841835
2.256818533
2.282371044
2.395943642
2.902776003
4.444692612
7.09566164
8.857838631
7.865963936
6.631004333
7.865965366
8.857838631
7.095659733
4.444690704
2.902775764
2.39594388
2.282371044
2.25681901
2.247841358
0.6925000548
0.6955078244
0.7055208087
0.7327512503
0.8485574126
1.358030558
2.90277791
5.556476593
7.320951462
6.330615044
5.096198559
6.330616474
7.320951462
5.556474686
2.902775764
1.358030081
0.8485571742
0.7327512503
0.7055208087
0.6955073476
0.1755156368
0.1788584143
0.1898598671
0.2186850756
0.3366025686
0.8485574126
2.395946264
5.052175522
6.81876421
5.829838276
4.595917225
5.829839706
6.81876421
5.052173615
2.395943642
0.8485569358
0.3366025686
0.2186850756
0.1898598671
0.1788584143
0.05328027532
0.05691113696
0.06876464933
0.09896142781
0.2186850756
0.7327512503
2.28237319
4.940728188
6.709083557
5.721330166
4.487820625
5.72133112
6.709083557
4.94072628
2.282370806
0.7327507734
0.2186850756
0.09896142781
0.06876464933
0.05691113696
0.02116699331
0.02501953207
0.03752392903
0.06876562536
0.1898598671
0.7055212855
2.256820917
4.91676569
6.686436176
5.69955349
4.466348648
5.69955492
6.686436176
4.916763783
2.25681901
0.7055208087
0.1898598671
0.06876514107
0.03752392903
0.02501904406
0.008118164726
0.0121083986
0.02501855604
0.05691113696
0.1788584143
0.6955080628
2.247844458
4.908766747
6.679244041
5.692893982
4.459875107
5.692895889
6.679244041
4.908764839
2.247842312
0.695507586
0.1788584143
0.05691113696
0.02501904406
0.01210742258
