0
0
0
0
0
0
0
0
0
0
0
0
0
0
0
0
0
0
0
0
0
0
0
0
0
0
0
0
0
0
0
0
0
0
0
0
0
0
0
0
0
0
0
0
0
0
0
0
0
0
0
0
0
0
2.242077543e-40
0
5.592581611e-38
0
1.576152352e-36
0
4.79503259e-36
0
1.576152352e-36
0
5.592581611e-38
0
2.242077543e-40
0
0
0
0
0
0
0
0
0
0
0
0
0
0
0
0
0
0
0
0
0
0
0
6.445972936e-40
0
1.458532928e-35
0
3.497440701e-32
0
9.025106331e-30
0
2.519600979e-28
0
7.639864126e-28
0
2.519600979e-28
0
9.025038622e-30
0
3.497440701e-32
0
1.458532928e-35
0
6.445972936e-40
0
0
0
0
0
0
0
0
0
0
0
0
0
0
0
0
0
5.592581611e-38
0
1.151215984e-32
0
2.519639257e-28
0
5.904657895e-25
0
1.493863246e-22
0
4.11436244e-21
0
1.241507788e-20
0
4.11436244e-21
0
1.493857692e-22
0
5.904657895e-25
0
2.519619998e-28
0
1.151215984e-32
0
5.592581611e-38
0
0
0
0
0
0
0
0
0
0
0
0
0
5.592581611e-38
0
1.062364422e-31
0
2.126579797e-26
0
4.513089142e-22
0
1.024650131e-18
0
2.519034957e-16
0
6.797023509e-15
0
2.035653445e-14
0
6.796998521e-15
0
2.519025428e-16
0
1.024650131e-18
0
4.513055316e-22
0
2.126579797e-26
0
1.062348318e-31
0
5.592581611e-38
0
0
0
0
0
0
0
0
0
6.445972936e-40
0
1.151215984e-32
0
2.126579797e-26
0
4.114331743e-21
0
8.387177307e-17
0
1.821358954e-13
0
4.287505073e-11
0
1.119274118e-09
0
3.310306473e-09
0
1.119269899e-09
0
4.287489114e-11
0
1.821345402e-13
0
8.387082677e-17
0
4.114331743e-21
0
2.126547596e-26
0
1.151181307e-32
0
6.445972936e-40
0
0
0
0
0
0
0
1.458532928e-35
0
2.519639257e-28
0
4.513089142e-22
0
8.387177307e-17
0
1.623678188e-12
0
3.310324681e-09
0
7.27520046e-07
0
1.792369403e-05
0
5.178211359e-05
0
1.792366493e-05
0
7.275173175e-07
0
3.310306473e-09
0
1.623659974e-12
0
8.387177307e-17
0
4.513055316e-22
0
2.519563183e-28
0
1.458532928e-35
0
0
0
0
0
2.242077543e-40
0
3.497440701e-32
0
5.904657895e-25
0
1.024650131e-18
0
1.821358954e-13
0
3.310324681e-09
0
6.180172477e-06
0
0.001212863601
0
0.02666504867
0
0.07311940938
0
0.02666502818
0
0.00121285941
0
6.180150194e-06
0
3.310288488e-09
0
1.821358954e-13
0
1.024638654e-18
0
5.904524282e-25
0
3.497440701e-32
0
2.242077543e-40
0
0
0
5.592581611e-38
0
9.025038622e-30
0
1.493857692e-22
0
2.519034957e-16
0
4.287505073e-11
0
7.27520046e-07
0
0.001212863601
0
0.197456181
0
3.336075544
0
7.776305199
0
3.336070776
0
0.1974556893
0
0.001212857082
0
7.275120879e-07
0
4.287505073e-11
0
2.519006899e-16
0
1.493818438e-22
0
9.025038622e-30
0
5.592581611e-38
0
0
0
1.576152352e-36
0
2.519600979e-28
0
4.11436244e-21
0
6.797023509e-15
0
1.119274118e-09
0
1.792369767e-05
0
0.02666504867
0
3.336075544
0
26.34980583
0
8.116288185
0
26.3497963
0
3.336066723
0
0.02666493505
0
1.792350122e-05
0
1.119274118e-09
0
6.796948546e-15
0
4.114254195e-21
0
2.519600979e-28
0
1.576138362e-36
0
0
0
4.79503259e-36
0
7.639864126e-28
0
1.241507788e-20
0
2.035653445e-14
0
3.310306473e-09
0
5.178211359e-05
0
0.07311940938
0
7.776305199
0
8.116288185
0
-199.9999847
0
8.116389275
0
7.776285648
0
0.0731190443
0
5.178155334e-05
0
3.310306473e-09
0
2.035622783e-14
0
1.241470549e-20
0
7.639864126e-28
0
4.794976627e-36
0
0
0
1.576152352e-36
0
2.519600979e-28
0
4.11436244e-21
0
6.796998521e-15
0
1.119269899e-09
0
1.792366493e-05
0
0.02666502818
0
3.336071491
0
26.3497963
0
8.116389275
0
26.34979248
0
3.336061716
0
0.02666488849
0
1.792346848e-05
0
1.119269899e-09
0
6.796922712e-15
0
4.114239251e-21
0
2.519600979e-28
0
1.576138362e-36
0
0
0
5.592581611e-38
0
9.024969409e-30
0
1.493846459e-22
0
2.519025428e-16
0
4.287489114e-11
0
7.275173175e-07
0
0.00121285941
0
0.1974556744
0
3.336066723
0
7.776285648
0
3.336061716
0
0.1974550188
0
0.001212853938
0
7.275094163e-07
0
4.287489114e-11
0
2.51899737e-16
0
1.493812885e-22
0
9.024969409e-30
0
5.592581611e-38
0
0
0
2.242077543e-40
0
3.497440995e-32
0
5.904613029e-25
0
1.024642377e-18
0
1.821345402e-13
0
3.310306473e-09
0
6.180150194e-06
0
0.001212857082
0
0.02666493505
0
0.0731190443
0
0.02666488849
0
0.001212853938
0
6.18010472e-06
0
3.31027028e-09
0
1.821345402e-13
0
1.024638654e-18
0
5.904479908e-25
0
3.497440995e-32
0
2.242077543e-40
0
0
0
0
0
1.458523171e-35
0
2.519600979e-28
0
4.513055316e-22
0
8.387114441e-17
0
1.623659974e-12
0
3.310288488e-09
0
7.275120879e-07
0
1.792353578e-05
0
5.178155334e-05
0
1.792346848e-05
0
7.275107237e-07
0
3.310275831e-09
0
1.623641759e-12
0
8.387114441e-17
0
4.513004324e-22
0
2.519544405e-28
0
1.458523171e-35
0
0
0
0
0
0
0
6.445972936e-40
0
1.151215984e-32
0
2.126579797e-26
0
4.114331743e-21
0
8.387177307e-17
0
1.821358954e-13
0
4.287505073e-11
0
1.119274118e-09
0
3.310306473e-09
0
1.119269899e-09
0
4.287489114e-11
0
1.821345402e-13
0
8.387082677e-17
0
4.114331743e-21
0
2.126547596e-26
0
1.151181307e-32
0
6.445972936e-40
0
0
0
0
0
0
0
0
0
5.592581611e-38
0
1.062348318e-31
0
2.126547596e-26
0
4.513037645e-22
0
1.024638654e-18
0
2.519006899e-16
0
6.796948546e-15
0
2.035622783e-14
0
6.796922712e-15
0
2.51899737e-16
0
1.024638654e-18
0
4.513004324e-22
0
2.126547596e-26
0
1.062332213e-31
0
5.592581611e-38
0
0
0
0
0
0
0
0
0
0
0
0
0
5.592581611e-38
0
1.151181307e-32
0
2.519563424e-28
0
5.904479908e-25
0
1.493818438e-22
0
4.114239251e-21
0
1.241470549e-20
0
4.114239251e-21
0
1.493812885e-22
0
5.904479908e-25
0
2.519544405e-28
0
1.151181307e-32
0
5.592581611e-38
0
0
0
0
0
0
0
0
0
0
0
0
0
0
0
0
0
6.445972936e-40
0
1.458532928e-35
0
3.497440701e-32
0
9.025106331e-30
0
2.519600979e-28
0
7.639864126e-28
0
2.519600979e-28
0
9.025038622e-30
0
3.497440701e-32
0
1.458532928e-35
0
6.445972936e-40
0
0
0
0
0
0
0
0
0
0
0
0
0
0
0
0
0
0
0
0
0
0
0
2.242077543e-40
0
5.592581611e-38
0
1.576138362e-36
0
4.794976627e-36
0
1.576138362e-36
0
5.592581611e-38
0
2.242077543e-40
0
0
0
0
0
0
0
0
0
0
0
0
0
